#DataThief /Users/oxon/Desktop/Untitled 5.png Thursday 26-Apr-2018 10:31:32 AM
269.7968, 0.0695
269.9531, 0.0695
270.1094, 0.0698
270.2657, 0.07
270.422, 0.0702
270.5784, 0.0703
270.7347, 0.0705
270.891, 0.0707
271.0473, 0.0707
271.2036, 0.0709
271.3599, 0.0711
271.5163, 0.0712
271.6726, 0.0714
271.8289, 0.0716
271.9851, 0.0718
272.1416, 0.0719
272.2979, 0.0721
272.4542, 0.0723
272.6105, 0.0725
272.7669, 0.0727
272.9232, 0.0728
273.0795, 0.073
273.2358, 0.0732
273.3921, 0.0734
273.5485, 0.0735
273.7048, 0.0737
273.8611, 0.0739
274.0174, 0.0741
274.1737, 0.0743
274.3301, 0.0743
274.4864, 0.0744
274.6427, 0.0746
274.799, 0.0748
274.9553, 0.075
275.1117, 0.0753
275.268, 0.0755
275.4243, 0.0757
275.5806, 0.0759
275.737, 0.076
275.8933, 0.0762
276.0496, 0.0764
276.2059, 0.0767
276.3622, 0.0769
276.5186, 0.0771
276.6749, 0.0775
276.8312, 0.0776
276.9875, 0.0778
277.1439, 0.078
277.3002, 0.0783
277.4565, 0.0785
277.6128, 0.0787
277.7692, 0.0791
277.9255, 0.0792
278.0818, 0.0794
278.2381, 0.0798
278.3945, 0.0799
278.5508, 0.0801
278.7071, 0.0805
278.8634, 0.0807
279.0198, 0.081
279.1761, 0.0812
279.3324, 0.0815
279.4887, 0.0817
279.6451, 0.0819
279.8014, 0.0823
279.9577, 0.0824
280.114, 0.0828
280.2704, 0.083
280.4267, 0.0833
280.583, 0.0836
280.7393, 0.0839
280.8957, 0.0842
281.052, 0.0844
281.2083, 0.0848
281.3646, 0.0849
281.521, 0.0853
281.6773, 0.0856
281.8336, 0.0858
281.99, 0.0862
282.1463, 0.0865
282.3026, 0.0867
282.4588, 0.0871
282.6153, 0.0874
282.7715, 0.0876
282.9279, 0.088
283.0843, 0.0883
283.2406, 0.0887
283.3969, 0.0888
283.5532, 0.0892
283.7096, 0.0896
283.8659, 0.0899
284.0222, 0.0903
284.1786, 0.0904
284.3349, 0.0908
284.4912, 0.0912
284.6475, 0.0915
284.8039, 0.0919
284.9602, 0.0922
285.1165, 0.0924
285.2729, 0.0928
285.4292, 0.0931
285.5855, 0.0935
285.7419, 0.0937
285.8982, 0.0942
286.0545, 0.0945
286.2107, 0.0949
286.3672, 0.0952
286.5234, 0.0956
286.6798, 0.096
286.8362, 0.0963
286.9925, 0.0967
287.1488, 0.097
287.3052, 0.0974
287.4615, 0.0977
287.6178, 0.0981
287.7742, 0.0984
287.9304, 0.0988
288.0868, 0.0993
288.2432, 0.0997
288.3995, 0.1
288.5558, 0.1004
288.7122, 0.1008
288.8685, 0.1011
289.0248, 0.1015
289.1812, 0.102
289.3375, 0.1024
289.4938, 0.1027
289.6501, 0.1031
289.8065, 0.1036
289.9628, 0.104
290.1191, 0.1043
290.2755, 0.1048
290.4318, 0.1052
290.5882, 0.1056
290.7445, 0.1059
290.9008, 0.1064
291.0572, 0.1068
291.2135, 0.1073
291.3698, 0.1077
291.5262, 0.108
291.6825, 0.1086
291.8388, 0.1089
291.9952, 0.1095
292.1515, 0.1098
292.3078, 0.1104
292.4642, 0.1107
292.6205, 0.1112
292.7768, 0.1116
292.9332, 0.1121
293.0895, 0.1125
293.2459, 0.113
293.4022, 0.1134
293.5585, 0.1139
293.7149, 0.1144
293.8712, 0.1148
294.0275, 0.1153
294.1839, 0.1159
294.3402, 0.1162
294.4966, 0.1168
294.6529, 0.1173
294.8092, 0.1177
294.9656, 0.1182
295.1219, 0.1187
295.2782, 0.1193
295.4346, 0.1196
295.5909, 0.1201
295.7473, 0.1207
295.9036, 0.1212
296.0599, 0.1217
296.2163, 0.1221
296.3726, 0.1226
296.529, 0.1232
296.6853, 0.1237
296.8416, 0.1242
296.998, 0.1248
297.1543, 0.1253
297.3107, 0.1258
297.467, 0.1264
297.6233, 0.1269
297.7797, 0.1274
297.936, 0.128
298.0924, 0.1285
298.2487, 0.129
298.405, 0.1296
298.5614, 0.1301
298.7177, 0.1306
298.874, 0.1313
299.0304, 0.1319
299.1868, 0.1324
299.3431, 0.1329
299.4994, 0.1335
299.6558, 0.1342
299.8121, 0.1347
299.9685, 0.1353
300.1248, 0.136
300.2812, 0.1365
300.4375, 0.137
300.5939, 0.1377
300.7502, 0.1383
300.9064, 0.1388
301.0629, 0.1395
301.2192, 0.1401
301.3756, 0.1408
301.5319, 0.1413
301.6883, 0.142
301.8446, 0.1425
302.001, 0.1433
302.1573, 0.1438
302.3136, 0.1443
302.47, 0.145
302.6263, 0.1456
302.7827, 0.1461
302.939, 0.1468
303.0954, 0.1473
303.2517, 0.1479
303.4081, 0.1484
303.5644, 0.1489
303.7207, 0.1493
303.8771, 0.1498
304.0334, 0.1504
304.1897, 0.1509
304.3461, 0.1514
304.5024, 0.1518
304.6588, 0.1522
304.8151, 0.1529
304.9714, 0.1532
305.1278, 0.1538
305.2841, 0.1541
305.4404, 0.1546
305.5968, 0.155
305.753, 0.1554
305.9094, 0.1559
306.0658, 0.1562
306.2221, 0.1566
306.3784, 0.1571
306.5348, 0.1575
306.6911, 0.1578
306.8475, 0.1584
307.0038, 0.1587
307.1601, 0.1591
307.3164, 0.1594
307.4727, 0.1598
307.6291, 0.1602
307.7854, 0.1605
307.9418, 0.161
308.0981, 0.1614
308.2544, 0.1618
308.4108, 0.1621
308.5671, 0.1625
308.7234, 0.1628
308.8798, 0.1632
309.0361, 0.1635
309.1924, 0.1639
309.3487, 0.1641
309.5051, 0.1644
309.6614, 0.1648
309.8176, 0.1651
309.9741, 0.1655
310.1304, 0.1658
310.2867, 0.1662
310.4431, 0.1666
310.5994, 0.1667
310.7557, 0.1671
310.912, 0.1674
311.0684, 0.1678
311.2247, 0.168
311.381, 0.1683
311.5373, 0.1687
311.6937, 0.169
311.85, 0.1692
312.0063, 0.1696
312.1627, 0.1699
312.319, 0.1701
312.4753, 0.1705
312.6317, 0.1708
312.788, 0.171
312.9443, 0.1714
313.1006, 0.1717
313.257, 0.1719
313.4133, 0.1722
313.5695, 0.1726
313.7259, 0.1728
313.8822, 0.1731
314.0386, 0.1733
314.1949, 0.1737
314.3512, 0.1738
314.5076, 0.1742
314.6639, 0.1746
314.8202, 0.1747
314.9766, 0.1751
315.1329, 0.1753
315.2892, 0.1756
315.4455, 0.1758
315.6019, 0.1762
315.7582, 0.1763
315.9144, 0.1767
316.0708, 0.1769
316.2272, 0.1772
316.3835, 0.1774
316.5398, 0.1778
316.6961, 0.1779
316.8525, 0.1781
317.0088, 0.1785
317.1651, 0.1786
317.3214, 0.179
317.4778, 0.1792
317.6341, 0.1794
317.7904, 0.1797
317.9466, 0.1799
318.1031, 0.1802
318.2594, 0.1804
318.4157, 0.1806
318.572, 0.181
318.7284, 0.1811
318.8847, 0.1815
319.041, 0.1817
319.1973, 0.1819
319.3537, 0.1822
319.51, 0.1824
319.6663, 0.1826
319.8226, 0.1829
319.979, 0.1831
320.1353, 0.1833
320.2916, 0.1836
320.4479, 0.1838
320.6042, 0.184
320.7606, 0.1842
320.9169, 0.1844
321.0732, 0.1847
321.2295, 0.1849
321.3859, 0.1852
321.5422, 0.1854
321.6985, 0.1856
321.8548, 0.1858
322.0112, 0.1861
322.1675, 0.1863
322.3237, 0.1865
322.4801, 0.1867
322.6364, 0.187
322.7928, 0.1872
322.9491, 0.1874
323.1054, 0.1875
323.2618, 0.1879
323.4181, 0.1881
323.5744, 0.1883
323.7307, 0.1884
323.887, 0.1886
324.0434, 0.189
324.1997, 0.1891
324.3559, 0.1893
324.5123, 0.1895
324.6686, 0.1897
324.825, 0.19
324.9813, 0.1902
325.1376, 0.1904
325.294, 0.1905
325.4503, 0.1907
325.6066, 0.1911
325.7629, 0.1913
325.9192, 0.1915
326.0756, 0.1916
326.2319, 0.1918
326.3881, 0.192
326.5445, 0.1922
326.7008, 0.1925
326.8572, 0.1927
327.0135, 0.1929
327.1698, 0.1931
327.3261, 0.1932
327.4825, 0.1934
327.6388, 0.1936
327.7951, 0.1939
327.9514, 0.1941
328.1078, 0.1943
328.2641, 0.1945
328.4203, 0.1947
328.5767, 0.1948
328.733, 0.195
328.8894, 0.1952
329.0457, 0.1954
329.202, 0.1957
329.3583, 0.1959
329.5147, 0.1961
329.671, 0.1963
329.8273, 0.1964
329.9836, 0.1966
330.1399, 0.1968
330.2963, 0.197
330.4526, 0.1971
330.6089, 0.1973
330.7652, 0.1977
330.9216, 0.1979
331.0779, 0.198
331.2342, 0.1982
331.3905, 0.1984
331.5468, 0.1985
331.7032, 0.1987
331.8595, 0.1989
332.0158, 0.1991
332.1721, 0.1995
332.3285, 0.1996
332.4848, 0.1998
332.6411, 0.2
332.7974, 0.2002
332.9537, 0.2003
333.1101, 0.2005
333.2664, 0.2009
333.4227, 0.2011
333.579, 0.2012
333.7354, 0.2014
333.8917, 0.2016
334.048, 0.2018
334.2043, 0.2021
334.3606, 0.2023
334.517, 0.2025
334.6733, 0.2027
334.8296, 0.2028
334.9859, 0.2032
335.1423, 0.2034
335.2986, 0.2035
335.4549, 0.2037
335.6112, 0.2039
335.7675, 0.2043
335.9239, 0.2044
336.0802, 0.2046
336.2365, 0.2048
336.3928, 0.205
336.5492, 0.2053
336.7055, 0.2055
336.8618, 0.2057
337.0181, 0.2059
337.1745, 0.206
337.3308, 0.2064
337.487, 0.2066
337.6434, 0.2067
337.7997, 0.2069
337.9561, 0.2071
338.1124, 0.2073
338.2687, 0.2076
338.425, 0.2078
338.5814, 0.208
338.7377, 0.2082
338.894, 0.2084
339.0503, 0.2086
339.2067, 0.2089
339.363, 0.2091
339.5192, 0.2092
339.6756, 0.2094
339.8319, 0.2096
339.9883, 0.2098
340.1446, 0.2101
340.3009, 0.2103
340.4572, 0.2105
340.6136, 0.2107
340.7699, 0.2107
340.9262, 0.211
341.0825, 0.2112
341.2389, 0.2116
341.3952, 0.2117
341.5514, 0.2119
341.7078, 0.2121
341.8641, 0.2123
342.0205, 0.2124
342.1768, 0.2126
342.3331, 0.2128
342.4894, 0.213
342.6457, 0.2132
342.8021, 0.2135
342.9584, 0.2137
343.1147, 0.2139
343.271, 0.214
343.4274, 0.2142
343.5836, 0.2144
343.74, 0.2146
343.8963, 0.2147
344.0526, 0.2149
344.209, 0.2151
344.3653, 0.2153
344.5215, 0.2155
344.6779, 0.2155
344.8342, 0.2156
344.9906, 0.2158
345.1469, 0.216
345.3032, 0.2162
345.4595, 0.2164
345.6158, 0.2165
345.7722, 0.2167
345.9285, 0.2169
346.0848, 0.2171
346.2411, 0.2172
346.3974, 0.2172
346.5537, 0.2174
346.7101, 0.2176
346.8664, 0.2178
347.0227, 0.218
347.179, 0.2181
347.3354, 0.2183
347.4917, 0.2183
347.648, 0.2185
347.8043, 0.2187
347.9606, 0.2187
348.117, 0.219
348.2732, 0.2192
348.4296, 0.2192
348.5859, 0.2194
348.7422, 0.2196
348.8986, 0.2197
349.0549, 0.2199
349.2112, 0.2199
349.3675, 0.2201
349.5238, 0.2203
349.6801, 0.2204
349.8365, 0.2206
349.9928, 0.2206
350.1491, 0.2208
350.3054, 0.221
350.4617, 0.2212
350.6181, 0.2212
350.7744, 0.2213
350.9306, 0.2215
351.087, 0.2217
351.2433, 0.2217
351.3996, 0.2219
351.556, 0.222
351.7123, 0.222
351.8686, 0.2222
352.0249, 0.2224
352.1812, 0.2226
352.3376, 0.2226
352.4939, 0.2227
352.6502, 0.2229
352.8065, 0.2229
352.9628, 0.2231
353.1191, 0.2233
353.2755, 0.2233
353.4318, 0.2235
353.588, 0.2236
353.7444, 0.2236
353.9007, 0.2238
354.0571, 0.224
354.2134, 0.224
354.3697, 0.2242
354.526, 0.2244
354.6823, 0.2244
354.8386, 0.2245
354.995, 0.2247
355.1513, 0.2247
355.3075, 0.2248
355.4639, 0.2251
355.6202, 0.2251
355.7765, 0.2252
355.9329, 0.2254
356.0892, 0.2254
356.2455, 0.2256
356.4018, 0.2256
356.5581, 0.2258
356.7145, 0.226
356.8708, 0.226
357.0271, 0.2261
357.1834, 0.2263
357.3397, 0.2263
357.496, 0.2265
357.6524, 0.2267
357.8087, 0.2267
357.9649, 0.2268
358.1213, 0.2268
358.2776, 0.227
358.4339, 0.2272
358.5903, 0.2272
358.7466, 0.2274
358.9029, 0.2276
359.0592, 0.2276
359.2155, 0.2277
359.3718, 0.2277
359.5282, 0.2279
359.6844, 0.2281
359.8408, 0.2281
359.9971, 0.2283
360.1534, 0.2283
360.3096, 0.2284
360.4661, 0.2286
360.6223, 0.2286
360.7787, 0.2288
360.935, 0.229
361.0913, 0.229
361.2477, 0.2292
361.404, 0.2292
361.5603, 0.2293
361.7166, 0.2295
361.8729, 0.2295
362.0292, 0.2297
362.1855, 0.2297
362.3418, 0.2299
362.4982, 0.2301
362.6545, 0.2301
362.8108, 0.2302
362.967, 0.2304
363.1235, 0.2304
363.2798, 0.2306
363.4361, 0.2306
363.5924, 0.2308
363.7487, 0.2309
363.905, 0.2309
364.0614, 0.2311
364.2177, 0.2313
364.374, 0.2313
364.5303, 0.2315
364.6865, 0.2315
364.8429, 0.2317
364.9992, 0.2318
365.1556, 0.2318
365.3119, 0.232
365.4682, 0.2322
365.6245, 0.2322
365.7808, 0.2324
365.9372, 0.2325
366.0935, 0.2325
366.2498, 0.2327
366.4061, 0.2327
366.5624, 0.2328
366.7187, 0.2331
366.8751, 0.2331
367.0314, 0.2333
367.1877, 0.2334
367.3439, 0.2334
367.5003, 0.2336
367.6566, 0.2338
367.813, 0.2338
367.9693, 0.234
368.1256, 0.2341
368.2819, 0.2341
368.4382, 0.2343
368.5946, 0.2345
368.7509, 0.2345
368.9072, 0.2347
369.0635, 0.2349
369.2198, 0.2349
369.3761, 0.2349
369.5325, 0.2352
369.6888, 0.2354
369.8451, 0.2354
370.0014, 0.2356
370.1577, 0.2357
370.3141, 0.2357
370.4704, 0.2359
370.6267, 0.2361
370.783, 0.2363
370.9393, 0.2363
371.0957, 0.2365
371.252, 0.2366
371.4083, 0.2366
371.5646, 0.2368
371.7208, 0.237
371.8772, 0.2372
372.0336, 0.2372
372.1899, 0.2373
372.3462, 0.2375
372.5025, 0.2377
372.6588, 0.2377
372.8152, 0.2379
372.9715, 0.2381
373.1278, 0.2382
373.2841, 0.2382
373.4404, 0.2384
373.5968, 0.2386
373.753, 0.2388
373.9094, 0.2389
374.0657, 0.2389
374.222, 0.2391
374.3783, 0.2393
374.5347, 0.2395
374.6909, 0.2397
374.8473, 0.2398
375.0036, 0.2398
375.1599, 0.24
375.3163, 0.2402
375.4726, 0.2404
375.6289, 0.2405
375.7852, 0.2407
375.9415, 0.2409
376.0979, 0.2409
376.2542, 0.2411
376.4104, 0.2413
376.5668, 0.2414
376.7231, 0.2416
376.8795, 0.2418
377.0358, 0.242
377.1921, 0.2421
377.3484, 0.2423
377.5047, 0.2425
377.6611, 0.2427
377.8174, 0.2429
377.9737, 0.2429
378.13, 0.2432
378.2864, 0.2434
378.4426, 0.2436
378.599, 0.2437
378.7553, 0.2439
378.9116, 0.2441
379.068, 0.2443
379.2243, 0.2445
379.3806, 0.2446
379.5369, 0.2448
379.6932, 0.245
379.8496, 0.2452
380.0059, 0.2455
380.1622, 0.2457
380.3185, 0.2461
380.4748, 0.2462
380.6312, 0.2464
380.7875, 0.2466
380.9438, 0.2469
381.1002, 0.2471
381.2565, 0.2473
381.4128, 0.2477
381.5691, 0.2478
381.7255, 0.2482
381.8818, 0.2484
382.0381, 0.2485
382.1944, 0.2489
382.3508, 0.249
382.507, 0.2494
382.6634, 0.2496
382.8197, 0.2498
382.9761, 0.2501
383.1324, 0.2503
383.2887, 0.2505
383.445, 0.2509
383.6014, 0.251
383.7577, 0.2511
383.914, 0.2514
384.0703, 0.2517
384.2266, 0.2519
384.383, 0.2521
384.5393, 0.2523
384.6956, 0.2525
384.8519, 0.2526
385.0083, 0.2528
385.1646, 0.253
385.3209, 0.2532
385.4772, 0.2534
385.6335, 0.2535
385.7899, 0.2537
385.9462, 0.2539
386.1025, 0.2539
386.2588, 0.2541
386.4151, 0.2542
386.5714, 0.2542
386.7278, 0.2544
386.8841, 0.2546
387.0404, 0.2546
387.1967, 0.2548
387.353, 0.2548
387.5093, 0.255
387.6657, 0.255
387.822, 0.2551
387.9783, 0.2551
388.1346, 0.2551
388.2909, 0.2553
388.4472, 0.2553
388.6035, 0.2553
388.7599, 0.2553
388.9162, 0.2555
389.0725, 0.2555
389.2288, 0.2555
389.3851, 0.2555
389.5413, 0.2555
389.6977, 0.2557
389.854, 0.2557
390.0104, 0.2557
390.1667, 0.2557
390.323, 0.2557
390.4793, 0.2557
390.6356, 0.2557
390.7919, 0.2557
390.9482, 0.2557
391.1045, 0.2557
391.2609, 0.2558
391.4172, 0.2558
391.5735, 0.2558
391.7298, 0.2558
391.886, 0.2558
392.0424, 0.2558
392.1987, 0.2558
392.355, 0.2558
392.5114, 0.2558
392.6677, 0.2558
392.8239, 0.2558
392.9803, 0.2558
393.1366, 0.2558
393.2929, 0.2558
393.4492, 0.2558
393.6055, 0.256
393.7619, 0.256
393.9182, 0.256
394.0745, 0.256
394.2308, 0.256
394.3871, 0.256
394.5434, 0.256
394.6997, 0.2562
394.8559, 0.2562
395.0123, 0.2562
395.1687, 0.2562
395.325, 0.2564
395.4813, 0.2564
395.6376, 0.2564
395.7939, 0.2566
395.9502, 0.2566
396.1065, 0.2566
396.2629, 0.2567
396.4192, 0.2567
396.5755, 0.2569
396.7318, 0.2569
396.8881, 0.257
397.0444, 0.257
397.2008, 0.2572
397.3571, 0.2574
397.5133, 0.2576
397.6697, 0.2576
397.826, 0.2578
397.9824, 0.258
398.1387, 0.2582
398.295, 0.2583
398.4513, 0.2585
398.6076, 0.2587
398.764, 0.2589
398.9203, 0.259
399.0766, 0.2591
399.2328, 0.2594
399.3892, 0.2596
399.5455, 0.2598
399.7019, 0.2599
399.8582, 0.2601
400.0145, 0.2603
400.1709, 0.2605
400.3272, 0.2606
400.4835, 0.2608
400.6398, 0.2612
400.7961, 0.2614
400.9525, 0.2615
401.1088, 0.2617
401.2651, 0.2619
401.4214, 0.2622
401.5777, 0.2624
401.7341, 0.2626
401.8904, 0.2628
402.0467, 0.263
402.203, 0.263
402.3594, 0.2631
402.5157, 0.2633
402.672, 0.2635
402.8283, 0.2635
402.9846, 0.2637
403.141, 0.2638
403.2973, 0.264
403.4536, 0.264
403.6099, 0.2642
403.7662, 0.2642
403.9224, 0.2644
404.0789, 0.2646
404.2352, 0.2646
404.3915, 0.2647
404.5478, 0.2647
404.7041, 0.2647
404.8604, 0.2649
405.0167, 0.2649
405.1731, 0.2651
405.3294, 0.2651
405.4857, 0.2651
405.642, 0.2652
405.7983, 0.2652
405.9546, 0.2652
406.1109, 0.2652
406.2673, 0.2654
406.4236, 0.2654
406.5798, 0.2654
406.7362, 0.2654
406.8925, 0.2654
407.0488, 0.2654
407.2051, 0.2656
407.3614, 0.2656
407.5178, 0.2656
407.6741, 0.2656
407.8304, 0.2656
407.9867, 0.2656
408.143, 0.2656
408.2993, 0.2656
408.4556, 0.2656
408.6118, 0.2656
408.7682, 0.2656
408.9245, 0.2656
409.0809, 0.2656
409.2372, 0.2656
409.3935, 0.2656
409.5497, 0.2656
409.7061, 0.2656
409.8624, 0.2654
410.0187, 0.2654
410.175, 0.2654
410.3313, 0.2654
410.4877, 0.2654
410.644, 0.2654
410.8003, 0.2654
410.9566, 0.2652
411.1129, 0.2652
411.2692, 0.2652
411.4255, 0.2652
411.5817, 0.2652
411.7381, 0.2652
411.8944, 0.2651
412.0508, 0.2651
412.2071, 0.2651
412.3634, 0.2651
412.5197, 0.2649
412.676, 0.2649
412.8323, 0.2649
412.9886, 0.2649
413.1449, 0.2647
413.3012, 0.2647
413.4575, 0.2647
413.6138, 0.2647
413.7701, 0.2646
413.9264, 0.2646
414.0828, 0.2646
414.2391, 0.2646
414.3954, 0.2644
414.5516, 0.2644
414.708, 0.2644
414.8643, 0.2642
415.0206, 0.2642
415.1769, 0.2642
415.3332, 0.2642
415.4895, 0.264
415.6458, 0.264
415.8022, 0.264
415.9585, 0.2638
416.1148, 0.2638
416.2711, 0.2638
416.4274, 0.2638
416.5836, 0.2637
416.74, 0.2637
416.8963, 0.2637
417.0526, 0.2637
417.2089, 0.2635
417.3652, 0.2635
417.5215, 0.2635
417.6779, 0.2635
417.8342, 0.2633
417.9905, 0.2633
418.1468, 0.2633
418.3031, 0.2633
418.4594, 0.2631
418.6157, 0.2631
418.772, 0.2631
418.9283, 0.2631
419.0846, 0.2631
419.2409, 0.263
419.3973, 0.263
419.5535, 0.263
419.7099, 0.263
419.8662, 0.263
420.0225, 0.2628
420.1788, 0.2628
420.3351, 0.2628
420.4914, 0.2628
420.6477, 0.2628
420.804, 0.2628
420.9603, 0.2626
421.1167, 0.2626
421.273, 0.2626
421.4293, 0.2626
421.5856, 0.2626
421.7419, 0.2626
421.8982, 0.2626
422.0545, 0.2624
422.2107, 0.2624
422.3671, 0.2624
422.5234, 0.2624
422.6798, 0.2624
422.8361, 0.2624
422.9924, 0.2624
423.1487, 0.2622
423.305, 0.2622
423.4613, 0.2622
423.6176, 0.2622
423.7739, 0.2622
423.9302, 0.2622
424.0865, 0.2622
424.2429, 0.2622
424.3992, 0.2621
424.5554, 0.2621
424.7118, 0.2621
424.8681, 0.2621
425.0244, 0.2621
425.1807, 0.2621
425.337, 0.2621
425.4933, 0.2621
425.6496, 0.2621
425.8058, 0.2619
425.9623, 0.2619
426.1186, 0.2619
426.2749, 0.2619
426.4312, 0.2619
426.5875, 0.2619
426.7438, 0.2619
426.9001, 0.2619
427.0564, 0.2617
427.2127, 0.2617
427.369, 0.2617
427.5253, 0.2617
427.6817, 0.2617
427.838, 0.2617
427.9943, 0.2617
428.1506, 0.2617
428.3069, 0.2615
428.4632, 0.2615
428.6195, 0.2615
428.7758, 0.2615
428.9321, 0.2615
429.0885, 0.2615
429.2448, 0.2615
429.4011, 0.2615
429.5574, 0.2614
429.7137, 0.2614
429.87, 0.2614
430.0263, 0.2614
430.1826, 0.2614
430.3389, 0.2614
430.4952, 0.2614
430.6515, 0.2612
430.8079, 0.2612
430.9642, 0.2612
431.1205, 0.2612
431.2768, 0.2612
431.4331, 0.2612
431.5894, 0.2612
431.7457, 0.261
431.902, 0.261
432.0583, 0.261
432.2146, 0.261
432.371, 0.261
432.5272, 0.2608
432.6836, 0.2608
432.8399, 0.2608
432.9962, 0.2608
433.1525, 0.2608
433.3088, 0.2608
433.4651, 0.2607
433.6214, 0.2607
433.7776, 0.2607
433.9341, 0.2607
434.0904, 0.2605
434.2467, 0.2605
434.403, 0.2605
434.5593, 0.2605
434.7156, 0.2605
434.8719, 0.2603
435.0282, 0.2603
435.1844, 0.2603
435.3408, 0.2603
435.4971, 0.2601
435.6534, 0.2601
435.8098, 0.2601
435.9661, 0.2599
436.1224, 0.2599
436.2787, 0.2599
436.435, 0.2599
436.5913, 0.2598
436.7476, 0.2598
436.9039, 0.2598
437.0602, 0.2596
437.2165, 0.2596
437.3728, 0.2596
437.5291, 0.2594
437.6854, 0.2594
437.8418, 0.2594
437.9981, 0.2591
438.1544, 0.2591
438.3107, 0.2591
438.467, 0.2591
438.6233, 0.2591
438.7795, 0.2591
438.9359, 0.2589
439.0922, 0.2589
439.2485, 0.2589
439.4048, 0.2587
439.5611, 0.2587
439.7175, 0.2587
439.8738, 0.2585
440.0301, 0.2585
440.1864, 0.2585
440.3427, 0.2583
440.499, 0.2583
440.6553, 0.2583
440.8115, 0.2582
440.9679, 0.2582
441.1242, 0.2582
441.2805, 0.258
441.4368, 0.258
441.5931, 0.2578
441.7494, 0.2578
441.9058, 0.2578
442.0621, 0.2576
442.2184, 0.2576
442.3747, 0.2575
442.531, 0.2575
442.6873, 0.2575
442.8436, 0.2572
442.9999, 0.2572
443.1562, 0.2572
443.3125, 0.257
443.4687, 0.257
443.6251, 0.2569
443.7814, 0.2569
443.9378, 0.2569
444.0941, 0.2567
444.2504, 0.2567
444.4067, 0.2566
444.563, 0.2566
444.7193, 0.2564
444.8756, 0.2564
445.0319, 0.2564
445.1882, 0.2562
445.3445, 0.2562
445.5008, 0.256
445.6571, 0.256
445.8134, 0.2559
445.9697, 0.2559
446.126, 0.2559
446.2823, 0.2557
446.4386, 0.2557
446.595, 0.2555
446.7513, 0.2555
446.9076, 0.2553
447.0639, 0.2553
447.2202, 0.2551
447.3765, 0.2551
447.5328, 0.2551
447.6891, 0.255
447.8454, 0.255
448.0017, 0.2548
448.158, 0.2548
448.3143, 0.2546
448.4706, 0.2546
448.6269, 0.2544
448.7833, 0.2544
448.9396, 0.2543
449.0959, 0.2543
449.2522, 0.2541
449.4085, 0.2541
449.5648, 0.2539
449.721, 0.2539
449.8774, 0.2537
450.0337, 0.2537
450.19, 0.2535
450.3463, 0.2535
450.5026, 0.2534
450.6589, 0.2534
450.8152, 0.2532
450.9715, 0.2532
451.1278, 0.253
451.2842, 0.253
451.4405, 0.2528
451.5968, 0.2528
451.753, 0.2527
451.9094, 0.2527
452.0657, 0.2525
452.222, 0.2525
452.3783, 0.2523
452.5346, 0.2523
452.6909, 0.2521
452.8472, 0.2521
453.0035, 0.2519
453.1598, 0.2519
453.3161, 0.2518
453.4724, 0.2518
453.6287, 0.2516
453.785, 0.2516
453.9414, 0.2514
454.0977, 0.2511
454.254, 0.2511
454.4102, 0.2511
454.5666, 0.2511
454.7229, 0.2509
454.8792, 0.2509
455.0355, 0.2507
455.1918, 0.2507
455.3481, 0.2505
455.5044, 0.2503
455.6606, 0.2503
455.817, 0.2502
455.9733, 0.2502
456.1296, 0.25
456.2859, 0.25
456.4422, 0.2498
456.5985, 0.2496
456.7549, 0.2496
456.9112, 0.2495
457.0675, 0.2495
457.2238, 0.2493
457.3801, 0.2493
457.5364, 0.249
457.6926, 0.2489
457.849, 0.2489
458.0053, 0.2487
458.1616, 0.2487
458.3179, 0.2486
458.4742, 0.2484
458.6305, 0.2484
458.7868, 0.2482
458.9431, 0.2482
459.0994, 0.248
459.2557, 0.2479
459.412, 0.2479
459.5683, 0.2477
459.7247, 0.2477
459.881, 0.2475
460.0373, 0.2473
460.1936, 0.2473
460.3498, 0.2471
460.5062, 0.2471
460.6625, 0.2469
460.8188, 0.2468
460.975, 0.2468
461.1314, 0.2466
461.2877, 0.2464
461.444, 0.2464
461.6002, 0.2463
461.7566, 0.2463
461.9129, 0.2461
462.0692, 0.2459
462.2255, 0.2459
462.3818, 0.2457
462.5381, 0.2455
462.6944, 0.2455
462.8507, 0.2454
463.0071, 0.2454
463.1634, 0.2452
463.3197, 0.245
463.476, 0.245
463.6322, 0.2448
463.7886, 0.2447
463.9449, 0.2447
464.1012, 0.2445
464.2575, 0.2443
464.4138, 0.2443
464.5701, 0.2441
464.7264, 0.2439
464.8827, 0.2439
465.039, 0.2438
465.1953, 0.2436
465.3516, 0.2436
465.5079, 0.2434
465.6642, 0.2432
465.8205, 0.2432
465.9768, 0.2431
466.1331, 0.2429
466.2894, 0.2429
466.4457, 0.2427
466.6019, 0.2425
466.7584, 0.2425
466.9146, 0.2423
467.071, 0.2422
467.2273, 0.2422
467.3836, 0.242
467.5399, 0.2418
467.6962, 0.2418
467.8525, 0.2416
468.0088, 0.2415
468.1651, 0.2413
468.3214, 0.2413
468.4777, 0.2411
468.634, 0.2409
468.7903, 0.2409
468.9466, 0.2407
469.1029, 0.2406
469.2591, 0.2406
469.4155, 0.2404
469.5718, 0.2402
469.7281, 0.2402
469.8843, 0.24
470.0407, 0.2399
470.197, 0.2397
470.3534, 0.2397
470.5097, 0.2395
470.666, 0.2393
470.8223, 0.2393
470.9786, 0.2391
471.1349, 0.2389
471.2912, 0.2388
471.4475, 0.2388
471.6038, 0.2386
471.7601, 0.2384
471.9163, 0.2384
472.0727, 0.2383
472.229, 0.2381
472.3853, 0.2379
472.5415, 0.2379
472.6979, 0.2377
472.8542, 0.2375
473.0105, 0.2374
473.1668, 0.2374
473.3231, 0.2372
473.4794, 0.237
473.6357, 0.2368
473.792, 0.2368
473.9483, 0.2367
474.1046, 0.2365
474.261, 0.2365
474.4173, 0.2363
474.5735, 0.2361
474.7299, 0.2359
474.8862, 0.2359
475.0425, 0.2358
475.1988, 0.2356
475.3551, 0.2354
475.5114, 0.2354
475.6677, 0.2352
475.8239, 0.2351
475.9803, 0.2349
476.1366, 0.2349
476.2929, 0.2347
476.4492, 0.2345
476.6055, 0.2343
476.7618, 0.2342
476.9181, 0.2342
477.0744, 0.234
477.2307, 0.2338
477.387, 0.2336
477.5433, 0.2336
477.6996, 0.2335
477.8559, 0.2333
478.0122, 0.2331
478.1685, 0.2331
478.3248, 0.2328
478.4811, 0.2327
478.6374, 0.2326
478.7938, 0.2326
478.9501, 0.2324
479.1064, 0.2322
479.2627, 0.232
479.419, 0.2319
479.5753, 0.2319
479.7316, 0.2317
479.8879, 0.2315
480.0442, 0.2313
480.2005, 0.2313
480.3568, 0.2311
480.5131, 0.231
480.6694, 0.2308
480.8256, 0.2306
480.982, 0.2306
481.1383, 0.2304
481.2946, 0.2303
481.4509, 0.2301
481.6072, 0.2301
481.7635, 0.2299
481.9198, 0.2297
482.0761, 0.2295
482.2324, 0.2294
482.3887, 0.2294
482.545, 0.2292
482.7013, 0.229
482.8576, 0.2288
483.0139, 0.2287
483.1702, 0.2287
483.3265, 0.2285
483.4828, 0.2283
483.6392, 0.2281
483.7955, 0.2279
483.9518, 0.2279
484.1081, 0.2278
484.2644, 0.2276
484.4207, 0.2274
484.577, 0.2274
484.7332, 0.2272
484.8896, 0.2271
485.0459, 0.2269
485.2022, 0.2267
485.3585, 0.2267
485.5148, 0.2265
485.6711, 0.2263
485.8274, 0.2262
485.9837, 0.226
486.14, 0.226
486.2963, 0.2258
486.4526, 0.2256
486.6089, 0.2255
486.7652, 0.2253
486.9215, 0.2253
487.0778, 0.2251
487.2341, 0.2248
487.3904, 0.2247
487.5467, 0.2246
487.7029, 0.2246
487.8593, 0.2244
488.0156, 0.2242
488.1719, 0.224
488.3282, 0.2239
488.4846, 0.2239
488.6409, 0.2237
488.7972, 0.2235
488.9535, 0.2233
489.1098, 0.2231
489.2661, 0.223
489.4224, 0.223
489.5787, 0.2227
489.7349, 0.2226
489.8913, 0.2224
490.0476, 0.2223
490.2039, 0.2223
490.3602, 0.2221
490.5165, 0.2219
490.6728, 0.2217
490.8291, 0.2215
490.9854, 0.2215
491.1417, 0.2214
491.298, 0.2212
491.4543, 0.221
491.6106, 0.2208
491.7669, 0.2208
491.9232, 0.2207
492.0795, 0.2205
492.2358, 0.2203
492.3921, 0.2201
492.5484, 0.2199
492.7046, 0.2199
492.861, 0.2198
493.0173, 0.2196
493.1736, 0.2194
493.3299, 0.2192
493.4863, 0.2192
493.6425, 0.2191
493.7989, 0.2189
493.9552, 0.2187
494.1115, 0.2185
494.2678, 0.2183
494.4241, 0.2183
494.5804, 0.2182
494.7367, 0.218
494.893, 0.2178
495.0493, 0.2176
495.2056, 0.2175
495.3618, 0.2175
495.5182, 0.2173
495.6745, 0.2171
495.8308, 0.2169
495.987, 0.2167
496.1434, 0.2167
496.2997, 0.2166
496.456, 0.2164
496.6122, 0.2162
496.7686, 0.216
496.9249, 0.2159
497.0812, 0.2159
497.2375, 0.2157
497.3938, 0.2155
497.5501, 0.2153
497.7064, 0.2151
497.8627, 0.215
498.019, 0.215
498.1753, 0.2147
498.3316, 0.2146
498.4879, 0.2144
498.6442, 0.2143
498.8005, 0.2141
498.9569, 0.2141
499.1132, 0.2139
499.2695, 0.2137
499.4258, 0.2135
499.5821, 0.2134
499.7384, 0.2132
499.8947, 0.213
500.051, 0.213
500.2073, 0.2128
500.3636, 0.2127
500.5199, 0.2125
500.6762, 0.2123
500.8325, 0.2121
500.9888, 0.2121
501.1451, 0.2119
501.3014, 0.2118
501.4577, 0.2116
501.6139, 0.2114
501.7703, 0.2112
501.9266, 0.2112
502.0829, 0.2111
502.2392, 0.2109
502.3955, 0.2107
502.5518, 0.2105
502.7081, 0.2103
502.8643, 0.2102
503.0207, 0.2102
503.177, 0.21
503.3333, 0.2098
503.4896, 0.2096
503.6459, 0.2095
503.8022, 0.2093
503.9585, 0.2091
504.1148, 0.2091
504.2711, 0.2089
504.4274, 0.2086
504.5836, 0.2086
504.74, 0.2084
504.8963, 0.2082
505.0526, 0.208
505.209, 0.208
505.3653, 0.2079
505.5215, 0.2077
505.6779, 0.2075
505.8342, 0.2073
505.9905, 0.2071
506.1468, 0.2071
506.3031, 0.207
506.4594, 0.2068
506.6157, 0.2066
506.772, 0.2064
506.9283, 0.2063
507.0846, 0.2061
507.2409, 0.2059
507.3972, 0.2059
507.5535, 0.2057
507.7098, 0.2055
507.866, 0.2054
508.0224, 0.2052
508.1787, 0.205
508.335, 0.2048
508.4913, 0.2048
508.6476, 0.2046
508.8039, 0.2045
508.9602, 0.2043
509.1165, 0.2041
509.2728, 0.2039
509.4291, 0.2038
509.5854, 0.2038
509.7417, 0.2036
509.898, 0.2034
510.0543, 0.2032
510.2106, 0.2031
510.3669, 0.2029
510.5232, 0.2027
510.6795, 0.2027
510.8357, 0.2025
510.9921, 0.2023
511.1484, 0.2022
511.3048, 0.202
511.4611, 0.2018
511.6174, 0.2016
511.7737, 0.2015
511.93, 0.2015
512.0863, 0.2013
512.2426, 0.2011
512.3989, 0.2009
512.5552, 0.2006
512.7115, 0.2006
512.8678, 0.2004
513.0241, 0.2002
513.1804, 0.2002
513.3367, 0.2
513.4929, 0.1999
513.6493, 0.1997
513.8056, 0.1995
513.9619, 0.1993
514.1182, 0.1991
514.2745, 0.199
514.4308, 0.199
514.5871, 0.1988
514.7433, 0.1985
514.8997, 0.1984
515.056, 0.1983
515.2123, 0.1981
515.3686, 0.1979
515.5249, 0.1977
515.6812, 0.1977
515.8375, 0.1975
515.9938, 0.1974
516.1501, 0.1972
516.3064, 0.197
516.4627, 0.1968
516.619, 0.1967
516.7753, 0.1965
516.9316, 0.1963
517.0879, 0.1961
517.2442, 0.1961
517.4005, 0.1959
517.5568, 0.1958
517.713, 0.1956
517.8694, 0.1954
518.0257, 0.1952
518.182, 0.1951
518.3384, 0.1949
518.4947, 0.1947
518.651, 0.1945
518.8073, 0.1943
518.9636, 0.1942
519.1199, 0.1942
519.2762, 0.194
519.4325, 0.1938
519.5888, 0.1936
519.745, 0.1935
519.9014, 0.1933
520.0577, 0.1931
520.214, 0.1929
520.3703, 0.1927
520.5266, 0.1926
520.6829, 0.1924
520.8392, 0.1922
520.9955, 0.192
521.1518, 0.1919
521.3081, 0.1919
521.4644, 0.1917
521.6207, 0.1915
521.777, 0.1913
521.9333, 0.1911
522.0896, 0.191
522.2459, 0.1908
522.4022, 0.1905
522.5585, 0.1904
522.7147, 0.1903
522.8711, 0.1901
523.0274, 0.1899
523.1837, 0.1897
523.34, 0.1895
523.4963, 0.1894
523.6526, 0.1894
523.8089, 0.1892
523.9651, 0.189
524.1215, 0.1888
524.2778, 0.1887
524.4341, 0.1885
524.5904, 0.1883
524.7467, 0.1881
524.903, 0.1879
525.0593, 0.1878
525.2156, 0.1876
525.3719, 0.1874
525.5282, 0.1872
525.6844, 0.1871
525.8408, 0.1869
525.9971, 0.1867
526.1534, 0.1867
526.3096, 0.1865
526.466, 0.1863
526.6223, 0.1862
526.7787, 0.186
526.935, 0.1858
527.0913, 0.1856
527.2476, 0.1855
527.4039, 0.1853
527.5602, 0.1851
527.7165, 0.1849
527.8728, 0.1847
528.0291, 0.1846
528.1854, 0.1844
528.3417, 0.1844
528.498, 0.1842
528.6543, 0.184
528.8106, 0.1839
528.9668, 0.1837
529.1232, 0.1835
529.2795, 0.1833
529.4358, 0.1831
529.592, 0.183
529.7484, 0.1828
529.9047, 0.1826
530.061, 0.1826
530.2173, 0.1824
530.3736, 0.1823
530.5299, 0.1821
530.6862, 0.1819
530.8425, 0.1817
530.9988, 0.1815
531.1551, 0.1814
531.3114, 0.1812
531.4677, 0.181
531.624, 0.181
531.7803, 0.1808
531.9365, 0.1807
532.0929, 0.1804
532.2492, 0.1803
532.4055, 0.1801
532.5617, 0.1799
532.7181, 0.1798
532.8744, 0.1798
533.0307, 0.1796
533.187, 0.1794
533.3433, 0.1792
533.4996, 0.1791
533.6559, 0.1789
533.8122, 0.1787
533.9685, 0.1785
534.1249, 0.1785
534.2812, 0.1783
534.4375, 0.1782
534.5937, 0.178
534.7501, 0.1778
534.9064, 0.1776
535.0627, 0.1776
535.219, 0.1775
535.3753, 0.1773
535.5316, 0.1771
535.6879, 0.1769
535.8441, 0.1767
536.0005, 0.1767
536.1568, 0.1766
536.3131, 0.1764
536.4694, 0.1762
536.6257, 0.176
536.782, 0.176
536.9383, 0.1759
537.0946, 0.1757
537.2509, 0.1755
537.4072, 0.1753
537.5635, 0.1753
537.7198, 0.1751
537.8761, 0.175
538.0324, 0.1748
538.1887, 0.1746
538.345, 0.1746
538.5013, 0.1743
538.6576, 0.1743
538.8138, 0.1741
538.9702, 0.1741
539.1266, 0.1739
539.2829, 0.1737
539.4392, 0.1735
539.5955, 0.1734
539.7518, 0.1734
539.9081, 0.1732
540.0644, 0.173
540.2207, 0.1728
540.377, 0.1728
540.5333, 0.1727
540.6896, 0.1724
540.8458, 0.1724
541.0022, 0.1723
541.1585, 0.1721
541.3148, 0.1719
541.4711, 0.1719
541.6274, 0.1718
541.7837, 0.1716
541.94, 0.1716
542.0963, 0.1714
542.2526, 0.1712
542.4089, 0.1711
542.5652, 0.1711
542.7215, 0.1709
542.8778, 0.1707
543.0341, 0.1707
543.1904, 0.1705
543.3468, 0.1703
543.503, 0.1703
543.6594, 0.1702
543.8157, 0.17
543.972, 0.17
544.1283, 0.1698
544.2846, 0.1696
544.4409, 0.1696
544.5972, 0.1695
544.7534, 0.1693
544.9098, 0.1693
545.0661, 0.1691
545.2224, 0.1689
545.3787, 0.1689
545.535, 0.1687
545.6913, 0.1687
545.8476, 0.1686
546.0039, 0.1684
546.1602, 0.1684
546.3165, 0.1682
546.4727, 0.168
546.6292, 0.168
546.7854, 0.1679
546.9418, 0.1677
547.0981, 0.1677
547.2544, 0.1675
547.4107, 0.1673
547.567, 0.1673
547.7233, 0.1671
547.8796, 0.1671
548.0359, 0.167
548.1922, 0.1668
548.3485, 0.1668
548.5048, 0.1666
548.6611, 0.1663
548.8174, 0.1663
548.9737, 0.1663
549.13, 0.1661
549.2863, 0.1661
549.4426, 0.1659
549.5989, 0.1657
549.7551, 0.1657
549.9115, 0.1655
550.0678, 0.1654
550.2242, 0.1654
550.3805, 0.1652
550.5368, 0.165
550.6931, 0.165
550.8494, 0.1648
551.0057, 0.1647
551.162, 0.1647
551.3183, 0.1645
551.4746, 0.1643
551.6309, 0.1643
551.7872, 0.1641
551.9435, 0.1639
552.0998, 0.1639
552.2561, 0.1638
552.4123, 0.1636
552.5687, 0.1636
552.725, 0.1634
552.8813, 0.1632
553.0376, 0.1632
553.1939, 0.1631
553.3502, 0.1629
553.5065, 0.1627
553.6629, 0.1627
553.8192, 0.1625
553.9755, 0.1623
554.1318, 0.1623
554.2881, 0.1622
554.4444, 0.162
554.6007, 0.162
554.757, 0.1618
554.9133, 0.1616
555.0695, 0.1616
555.2259, 0.1615
555.3822, 0.1613
555.5385, 0.1613
555.6947, 0.1611
555.8511, 0.1609
556.0074, 0.1609
556.1637, 0.1607
556.32, 0.1606
556.4763, 0.1606
556.6326, 0.1604
556.7889, 0.1602
556.9452, 0.16
557.1015, 0.16
557.2578, 0.1599
557.4142, 0.1597
557.5705, 0.1597
557.7268, 0.1595
557.8831, 0.1593
558.0394, 0.1593
558.1957, 0.1591
558.3519, 0.159
558.5083, 0.159
558.6646, 0.1588
558.8209, 0.1586
558.9771, 0.1586
559.1335, 0.1584
559.2898, 0.1583
559.4461, 0.1581
559.6024, 0.1581
559.7587, 0.1579
559.915, 0.1577
560.0713, 0.1577
560.2276, 0.1575
560.3839, 0.1574
560.5402, 0.1574
560.6965, 0.1572
560.8528, 0.157
561.0092, 0.157
561.1655, 0.1568
561.3218, 0.1567
561.4781, 0.1567
561.6343, 0.1565
561.7907, 0.1562
561.947, 0.1562
562.1033, 0.1561
562.2596, 0.1559
562.4159, 0.1558
562.5722, 0.1558
562.7285, 0.1556
562.8848, 0.1554
563.0411, 0.1554
563.1974, 0.1552
563.3537, 0.1551
563.51, 0.1551
563.6663, 0.1549
563.8226, 0.1547
563.9788, 0.1547
564.1352, 0.1545
564.2915, 0.1543
564.4479, 0.1543
564.6042, 0.1542
564.7605, 0.154
564.9167, 0.154
565.0731, 0.1538
565.2294, 0.1536
565.3857, 0.1536
565.542, 0.1535
565.6983, 0.1533
565.8546, 0.1533
566.0109, 0.1531
566.1672, 0.1529
566.3235, 0.1529
566.4798, 0.1527
566.636, 0.1526
566.7924, 0.1526
566.9487, 0.1524
567.105, 0.1522
567.2612, 0.1522
567.4176, 0.152
567.5739, 0.1519
567.7302, 0.1519
567.8864, 0.1517
568.0428, 0.1515
568.1992, 0.1515
568.3555, 0.1513
568.5118, 0.1511
568.6681, 0.151
568.8244, 0.151
568.9807, 0.1508
569.137, 0.1506
569.2933, 0.1506
569.4496, 0.1504
569.6059, 0.1503
569.7622, 0.1503
569.9184, 0.1501
570.0748, 0.1499
570.2311, 0.1499
570.3874, 0.1497
570.5436, 0.1495
570.7, 0.1495
570.8563, 0.1494
571.0126, 0.1492
571.1689, 0.1492
571.3252, 0.149
571.4815, 0.1488
571.6379, 0.1488
571.7942, 0.1487
571.9505, 0.1485
572.1068, 0.1485
572.2631, 0.1482
572.4194, 0.1481
572.5756, 0.1481
572.732, 0.1479
572.8883, 0.1478
573.0446, 0.1478
573.2009, 0.1476
573.3572, 0.1474
573.5135, 0.1474
573.6698, 0.1472
573.826, 0.1471
573.9824, 0.1471
574.1387, 0.1469
574.295, 0.1467
574.4513, 0.1467
574.6076, 0.1465
574.7639, 0.1463
574.9202, 0.1463
575.0765, 0.1461
575.2328, 0.146
575.3892, 0.146
575.5455, 0.1458
575.7018, 0.1456
575.858, 0.1456
576.0144, 0.1455
576.1707, 0.1453
576.327, 0.1453
576.4833, 0.1451
576.6396, 0.1449
576.7959, 0.1447
576.9522, 0.1447
577.1085, 0.1446
577.2648, 0.1444
577.4211, 0.1444
577.5774, 0.1442
577.7337, 0.144
577.89, 0.144
578.0463, 0.1439
578.2026, 0.1437
578.3589, 0.1437
578.5152, 0.1435
578.6715, 0.1433
578.8279, 0.1433
578.9842, 0.1431
579.1405, 0.143
579.2968, 0.143
579.4531, 0.1428
579.6094, 0.1426
579.7657, 0.1426
579.922, 0.1424
580.0783, 0.1423
580.2346, 0.1423
580.3909, 0.1421
580.5472, 0.1419
580.7035, 0.1419
580.8598, 0.1417
581.0161, 0.1415
581.1724, 0.1415
581.3287, 0.1414
581.4849, 0.1412
581.6413, 0.1412
581.7976, 0.141
581.9539, 0.1408
582.1102, 0.1408
582.2665, 0.1407
582.4228, 0.1405
582.5792, 0.1405
582.7355, 0.1403
582.8918, 0.1401
583.0481, 0.1401
583.2044, 0.1399
583.3607, 0.1398
583.517, 0.1398
583.6733, 0.1396
583.8296, 0.1394
583.9859, 0.1394
584.1421, 0.1392
584.2985, 0.1391
584.4548, 0.1391
584.6111, 0.1389
584.7673, 0.1387
584.9237, 0.1387
585.08, 0.1385
585.2363, 0.1383
585.3926, 0.1381
585.5489, 0.1381
585.7052, 0.138
585.8615, 0.1378
586.0179, 0.1378
586.1742, 0.1376
586.3305, 0.1375
586.4868, 0.1375
586.6431, 0.1373
586.7993, 0.1371
586.9557, 0.1371
587.112, 0.1369
587.2683, 0.1367
587.4245, 0.1367
587.5809, 0.1366
587.7372, 0.1364
587.8935, 0.1364
588.0498, 0.1362
588.2061, 0.136
588.3624, 0.136
588.5187, 0.1359
588.675, 0.1357
588.8313, 0.1357
588.9876, 0.1355
589.1439, 0.1353
589.3002, 0.1353
589.4565, 0.1351
589.6128, 0.135
589.7692, 0.135
589.9255, 0.1348
590.0818, 0.1346
590.2381, 0.1346
590.3944, 0.1344
590.5507, 0.1343
590.7069, 0.1343
590.8633, 0.1341
591.0196, 0.1339
591.1759, 0.1339
591.3322, 0.1337
591.4885, 0.1335
591.6448, 0.1335
591.8011, 0.1334
591.9574, 0.1332
592.1137, 0.1332
592.27, 0.133
592.4263, 0.1328
592.5826, 0.1328
592.7389, 0.1327
592.8952, 0.1325
593.0516, 0.1325
593.2079, 0.1323
593.3642, 0.132
593.5205, 0.132
593.6768, 0.1319
593.8331, 0.1318
593.9893, 0.1318
594.1457, 0.1316
594.302, 0.1314
594.4583, 0.1314
594.6146, 0.1312
594.7709, 0.1311
594.9272, 0.1311
595.0835, 0.1309
595.2398, 0.1307
595.3961, 0.1307
595.5524, 0.1305
595.7086, 0.1303
595.865, 0.1303
596.0213, 0.1302
596.1776, 0.13
596.3338, 0.13
596.4902, 0.1298
596.6465, 0.1296
596.8029, 0.1296
596.9592, 0.1295
597.1155, 0.1293
597.2718, 0.1291
597.4281, 0.1291
597.5844, 0.1289
597.7407, 0.1287
597.897, 0.1287
598.0533, 0.1286
598.2096, 0.1284
598.3659, 0.1284
598.5222, 0.1282
598.6785, 0.128
598.8348, 0.128
598.991, 0.1279
599.1474, 0.1277
599.3037, 0.1277
599.46, 0.1275
599.6162, 0.1273
599.7726, 0.1273
599.9289, 0.1271
600.0852, 0.127
600.2416, 0.127
600.3979, 0.1268
600.5542, 0.1266
600.7105, 0.1266
600.8668, 0.1264
601.0231, 0.1263
601.1794, 0.1263
601.3357, 0.1261
601.492, 0.1259
601.6482, 0.1259
601.8046, 0.1257
601.9609, 0.1255
602.1172, 0.1255
602.2735, 0.1254
602.4298, 0.1252
602.5861, 0.1252
602.7424, 0.125
602.8987, 0.1248
603.055, 0.1248
603.2113, 0.1247
603.3676, 0.1245
603.5239, 0.1245
603.6802, 0.1243
603.8366, 0.1241
603.9929, 0.1241
604.1492, 0.1239
604.3054, 0.1238
604.4618, 0.1238
604.6181, 0.1236
604.7744, 0.1234
604.9306, 0.1234
605.087, 0.1232
605.2433, 0.1231
605.3996, 0.1231
605.5558, 0.1229
605.7122, 0.1227
605.8685, 0.1227
606.0248, 0.1225
606.1811, 0.1223
606.3374, 0.1223
606.4937, 0.1222
606.65, 0.1219
606.8063, 0.1219
606.9626, 0.1218
607.1189, 0.1216
607.2753, 0.1216
607.4316, 0.1215
607.5878, 0.1213
607.7442, 0.1213
607.9005, 0.1211
608.0568, 0.1209
608.2131, 0.1209
608.3694, 0.1207
608.5257, 0.1206
608.682, 0.1206
608.8383, 0.1204
608.9946, 0.1202
609.1509, 0.1202
609.3072, 0.12
609.4635, 0.1199
609.6198, 0.1199
609.7761, 0.1197
609.9324, 0.1195
610.0887, 0.1195
610.245, 0.1193
610.4013, 0.1191
610.5575, 0.1191
610.7139, 0.119
610.8702, 0.1188
611.0266, 0.1188
611.1829, 0.1186
611.3392, 0.1184
611.4955, 0.1184
611.6518, 0.1183
611.8081, 0.1181
611.9644, 0.1181
612.1207, 0.1179
612.277, 0.1177
612.4333, 0.1177
612.5896, 0.1175
612.7459, 0.1174
612.9022, 0.1174
613.0585, 0.1172
613.2147, 0.1172
613.3711, 0.117
613.5274, 0.1168
613.6837, 0.1168
613.8399, 0.1167
613.9963, 0.1165
614.1527, 0.1165
614.309, 0.1163
614.4653, 0.1161
614.6216, 0.1161
614.7779, 0.1159
614.9342, 0.1158
615.0905, 0.1158
615.2468, 0.1156
615.4031, 0.1154
615.5594, 0.1154
615.7157, 0.1152
615.8719, 0.1151
616.0283, 0.1151
616.1846, 0.1149
616.3409, 0.1147
616.4971, 0.1147
616.6535, 0.1145
616.8098, 0.1143
616.9661, 0.1143
617.1224, 0.1142
617.2787, 0.114
617.435, 0.114
617.5913, 0.1138
617.7476, 0.1136
617.904, 0.1136
618.0603, 0.1135
618.2166, 0.1133
618.3729, 0.1133
618.5292, 0.1131
618.6855, 0.1129
618.8418, 0.1129
618.9981, 0.1127
619.1544, 0.1126
619.3107, 0.1126
619.467, 0.1124
619.6233, 0.1122
619.7795, 0.1122
619.9359, 0.112
620.0922, 0.1118
620.2485, 0.1118
620.4048, 0.1117
620.5611, 0.1115
620.7174, 0.1115
620.8737, 0.1113
621.03, 0.1111
621.1864, 0.1111
621.3427, 0.111
621.499, 0.1108
621.6553, 0.1108
621.8115, 0.1106
621.9679, 0.1104
622.1242, 0.1104
622.2805, 0.1103
622.4368, 0.1101
622.5931, 0.1101
622.7494, 0.1099
622.9057, 0.1097
623.062, 0.1097
623.2183, 0.1095
623.3746, 0.1094
623.5309, 0.1094
623.6872, 0.1092
623.8435, 0.109
623.9998, 0.109
624.1561, 0.1088
624.3124, 0.1087
624.4687, 0.1087
624.625, 0.1085
624.7812, 0.1083
624.9377, 0.1083
625.094, 0.1081
625.2503, 0.1078
625.4066, 0.1078
625.5629, 0.1078
625.7191, 0.1076
625.8755, 0.1076
626.0318, 0.1074
626.1881, 0.1074
626.3444, 0.1072
626.5007, 0.1071
626.657, 0.1071
626.8133, 0.1069
626.9696, 0.1067
627.1259, 0.1067
627.2822, 0.1065
627.4385, 0.1063
627.5948, 0.1063
627.7511, 0.1062
627.9074, 0.106
628.0638, 0.106
628.2201, 0.1058
628.3764, 0.1058
628.5327, 0.1056
628.689, 0.1055
628.8453, 0.1055
629.0016, 0.1053
629.1579, 0.1051
629.3142, 0.1051
629.4705, 0.1049
629.6268, 0.1049
629.7831, 0.1047
629.9394, 0.1046
630.0957, 0.1046
630.252, 0.1044
630.4083, 0.1042
630.5646, 0.1042
630.7208, 0.104
630.8772, 0.104
631.0335, 0.1039
631.1898, 0.1037
631.3462, 0.1037
631.5025, 0.1035
631.6588, 0.1035
631.8151, 0.1033
631.9714, 0.1031
632.1277, 0.1031
632.284, 0.103
632.4403, 0.103
632.5966, 0.1028
632.7529, 0.1028
632.9092, 0.1026
633.0655, 0.1024
633.2218, 0.1024
633.378, 0.1023
633.5344, 0.1023
633.6907, 0.1021
633.847, 0.1021
634.0033, 0.1019
634.1597, 0.1019
634.316, 0.1017
634.4723, 0.1015
634.6286, 0.1015
634.7849, 0.1014
634.9412, 0.1014
635.0975, 0.1012
635.2538, 0.1012
635.4101, 0.101
635.5664, 0.101
635.7227, 0.1008
635.879, 0.1008
636.0352, 0.1007
636.1916, 0.1007
636.3479, 0.1005
636.5042, 0.1005
636.6604, 0.1003
636.8169, 0.1003
636.9731, 0.1001
637.1295, 0.1001
637.2858, 0.0999
637.4421, 0.0999
637.5984, 0.0998
637.7547, 0.0998
637.911, 0.0996
638.0673, 0.0996
638.2236, 0.0994
638.3799, 0.0994
638.5362, 0.0994
638.6925, 0.0992
638.8488, 0.0992
639.0051, 0.0991
639.1615, 0.0991
639.3178, 0.0989
639.4741, 0.0989
639.6303, 0.0989
639.7867, 0.0987
639.943, 0.0987
640.0993, 0.0985
640.2556, 0.0985
640.4119, 0.0983
640.5682, 0.0983
640.7245, 0.0983
640.8808, 0.0982
641.0371, 0.0982
641.1934, 0.0982
641.3497, 0.098
641.5061, 0.098
641.6623, 0.0977
641.8187, 0.0977
641.975, 0.0977
642.1313, 0.0976
642.2876, 0.0976
642.4439, 0.0976
642.6002, 0.0975
642.7565, 0.0975
642.9127, 0.0973
643.0691, 0.0973
643.2254, 0.0973
643.3817, 0.0971
643.5381, 0.0971
643.6944, 0.0971
643.8507, 0.0969
644.007, 0.0969
644.1633, 0.0967
644.3195, 0.0967
644.4759, 0.0967
644.6322, 0.0966
644.7885, 0.0966
644.9447, 0.0966
645.1011, 0.0964
645.2574, 0.0964
645.4137, 0.0962
645.5699, 0.0962
645.7264, 0.0962
645.8827, 0.096
646.039, 0.096
646.1953, 0.096
646.3516, 0.0959
646.5079, 0.0959
646.6642, 0.0957
646.8205, 0.0957
646.9768, 0.0957
647.1331, 0.0955
647.2894, 0.0955
647.4457, 0.0955
647.6019, 0.0953
647.7584, 0.0953
647.9146, 0.0951
648.071, 0.0951
648.2273, 0.0951
648.3836, 0.095
648.5399, 0.095
648.6962, 0.0948
648.8525, 0.0948
649.0088, 0.0948
649.1651, 0.0946
649.3214, 0.0946
649.4777, 0.0944
649.634, 0.0944
649.7903, 0.0944
649.9466, 0.0943
650.103, 0.0943
650.2593, 0.0943
650.4156, 0.0941
650.5718, 0.0941
650.7282, 0.0939
650.8845, 0.0939
651.0408, 0.0939
651.1971, 0.0937
651.3534, 0.0937
651.5097, 0.0935
651.666, 0.0935
651.8223, 0.0935
651.9786, 0.0934
652.135, 0.0934
652.2913, 0.0932
652.4476, 0.0932
652.6038, 0.0932
652.7602, 0.093
652.9165, 0.093
653.0728, 0.0928
653.2291, 0.0928
653.3854, 0.0928
653.5417, 0.0927
653.698, 0.0927
653.8542, 0.0927
654.0106, 0.0925
654.1669, 0.0925
654.3232, 0.0923
654.4796, 0.0923
654.6359, 0.0923
654.7922, 0.0921
654.9485, 0.0921
655.1048, 0.0919
655.261, 0.0919
655.4174, 0.0919
655.5737, 0.0918
655.73, 0.0918
655.8862, 0.0916
656.0426, 0.0916
656.1989, 0.0916
656.3552, 0.0914
656.5116, 0.0914
656.6679, 0.0912
656.8242, 0.0912
656.9805, 0.0912
657.1368, 0.0911
657.2931, 0.0911
657.4494, 0.0911
657.6057, 0.0909
657.762, 0.0909
657.9183, 0.0907
658.0746, 0.0907
658.2309, 0.0907
658.3872, 0.0905
658.5434, 0.0905
658.6998, 0.0903
658.8561, 0.0903
659.0125, 0.0903
659.1688, 0.0902
659.3251, 0.0902
659.4814, 0.09
659.6377, 0.09
659.794, 0.09
659.9503, 0.0898
660.1066, 0.0898
660.2629, 0.0898
660.4192, 0.0896
660.5755, 0.0896
660.7318, 0.0895
660.8881, 0.0895
661.0445, 0.0895
661.2008, 0.0893
661.3571, 0.0893
661.5133, 0.0891
661.6697, 0.0891
661.826, 0.0891
661.9823, 0.0889
662.1386, 0.0889
662.2949, 0.0887
662.4512, 0.0887
662.6075, 0.0887
662.7638, 0.0886
662.9201, 0.0886
663.0765, 0.0886
663.2328, 0.0884
663.3891, 0.0884
663.5453, 0.0882
663.7017, 0.0882
663.858, 0.0882
664.0143, 0.088
664.1706, 0.088
664.3269, 0.0879
664.4832, 0.0879
664.6395, 0.0879
664.7957, 0.0877
664.9521, 0.0877
665.1085, 0.0877
665.2648, 0.0875
665.4211, 0.0875
665.5774, 0.0873
665.7337, 0.0873
665.89, 0.0873
666.0463, 0.0871
666.2026, 0.0871
666.3589, 0.087
666.5152, 0.087
666.6715, 0.087
666.8277, 0.0868
666.9841, 0.0868
667.1404, 0.0868
667.2967, 0.0866
667.4531, 0.0866
667.6094, 0.0864
667.7657, 0.0864
667.922, 0.0864
668.0783, 0.0863
668.2346, 0.0863
668.3909, 0.0861
668.5472, 0.0861
668.7035, 0.0861
668.8598, 0.0859
669.0161, 0.0859
669.1724, 0.0859
669.3287, 0.0857
669.4851, 0.0857
669.6414, 0.0855
669.7976, 0.0855
669.954, 0.0855
670.1103, 0.0854
670.2666, 0.0854
670.4229, 0.0852
670.5792, 0.0852
670.7355, 0.0852
670.8918, 0.085
671.0481, 0.085
671.2044, 0.085
671.3607, 0.0848
671.517, 0.0848
671.6733, 0.0847
671.8296, 0.0847
671.986, 0.0847
672.1423, 0.0845
672.2986, 0.0845
672.4549, 0.0845
672.6112, 0.0843
672.7675, 0.0843
672.9238, 0.0841
673.0801, 0.0841
673.2364, 0.0841
673.3927, 0.0839
673.549, 0.0839
673.7053, 0.0838
673.8617, 0.0838
674.018, 0.0838
674.1743, 0.0836
674.3306, 0.0836
674.4868, 0.0836
674.6432, 0.0834
674.7995, 0.0834
674.9558, 0.0832
675.1121, 0.0832
675.2684, 0.0832
675.4247, 0.0831
675.581, 0.0831
675.7372, 0.0831
675.8936, 0.0829
676.05, 0.0829
676.2063, 0.0827
676.3626, 0.0827
676.5189, 0.0827
676.6752, 0.0825
676.8315, 0.0825
676.9878, 0.0823
677.1441, 0.0823
677.3004, 0.0823
677.4567, 0.0822
677.613, 0.0822
677.7692, 0.0822
677.9256, 0.082
678.082, 0.082
678.2383, 0.0818
678.3946, 0.0818
678.5509, 0.0818
678.7072, 0.0816
678.8635, 0.0816
679.0198, 0.0816
679.1761, 0.0815
679.3324, 0.0815
679.4887, 0.0813
679.645, 0.0813
679.8013, 0.0813
679.9576, 0.0811
680.1139, 0.0811
680.2703, 0.0811
680.4266, 0.0809
680.5829, 0.0809
680.7391, 0.0807
680.8955, 0.0807
681.0518, 0.0807
681.2081, 0.0806
681.3644, 0.0806
681.5207, 0.0806
681.677, 0.0804
681.8333, 0.0804
681.9896, 0.0802
682.1459, 0.0802
682.3023, 0.0802
682.4586, 0.08
682.6149, 0.08
682.7711, 0.0799
682.9275, 0.0799
683.0838, 0.0799
683.2401, 0.0796
683.3963, 0.0796
683.5527, 0.0796
683.709, 0.0795
683.8653, 0.0795
684.0216, 0.0793
684.1779, 0.0793
684.3342, 0.0793
684.4905, 0.0791
684.6469, 0.0792
684.8032, 0.0792
684.9595, 0.079
685.1158, 0.079
685.2721, 0.0788
685.4284, 0.0788
685.5847, 0.0788
685.741, 0.0786
685.8973, 0.0786
686.0536, 0.0786
686.2099, 0.0784
686.3662, 0.0784
686.5225, 0.0783
686.6789, 0.0783
686.8352, 0.0783
686.9915, 0.0781
687.1478, 0.0781
687.3041, 0.0781
687.4604, 0.0779
687.6167, 0.0779
687.773, 0.0779
687.9293, 0.0777
688.0856, 0.0777
688.2419, 0.0776
688.3982, 0.0776
688.5545, 0.0776
688.7107, 0.0774
688.8672, 0.0774
689.0235, 0.0774
689.1798, 0.0772
689.3361, 0.0772
689.4924, 0.077
689.6487, 0.077
689.805, 0.077
689.9613, 0.0768
690.1176, 0.0768
690.2739, 0.0768
690.4302, 0.0767
690.5865, 0.0767
690.7428, 0.0765
690.8992, 0.0765
691.0555, 0.0765
691.2118, 0.0763
691.3681, 0.0763
691.5244, 0.0763
691.6806, 0.0761
691.837, 0.0761
691.9933, 0.076
692.1496, 0.076
692.3059, 0.076
692.4622, 0.0758
692.6185, 0.0758
692.7748, 0.0758
692.9311, 0.0756
693.0875, 0.0756
693.2438, 0.0754
693.4001, 0.0754
693.5564, 0.0754
693.7127, 0.0752
693.869, 0.0752
694.0253, 0.0752
694.1816, 0.0751
694.3378, 0.0751
694.4942, 0.0751
694.6505, 0.0749
694.8068, 0.0749
694.963, 0.0747
695.1194, 0.0747
695.2758, 0.0747
695.4321, 0.0745
695.5884, 0.0745
695.7447, 0.0745
695.901, 0.0744
696.0573, 0.0744
696.2136, 0.0742
696.3699, 0.0742
696.5262, 0.0742
696.6825, 0.074
696.8388, 0.074
696.995, 0.074
697.1514, 0.0738
697.3078, 0.0738
697.4641, 0.0738
697.6204, 0.0735
697.7767, 0.0735
697.933, 0.0735
698.0893, 0.0735
698.2456, 0.0735
698.4019, 0.0733
698.5582, 0.0733
698.7145, 0.0733
698.8708, 0.0731
699.0271, 0.0731
699.1834, 0.0729
699.3397, 0.0729
699.4961, 0.0729
699.6524, 0.0728
699.8087, 0.0728
699.9649, 0.0728
700.1213, 0.0726
700.2776, 0.0726
700.4339, 0.0726
700.5901, 0.0724
700.7465, 0.0724
700.9028, 0.0722
701.0591, 0.0722
701.2154, 0.0722
701.3717, 0.072
701.5281, 0.072
701.6844, 0.072
701.8407, 0.0719
701.9969, 0.0719
702.1533, 0.0719
702.3096, 0.0717
702.4659, 0.0717
702.6221, 0.0715
702.7785, 0.0715
702.9348, 0.0715
703.0911, 0.0713
703.2474, 0.0713
703.4037, 0.0713
703.56, 0.0712
703.7164, 0.0712
703.8727, 0.071
704.029, 0.071
704.1853, 0.071
704.3416, 0.0708
704.4979, 0.0708
704.6542, 0.0708
704.8105, 0.0706
704.9668, 0.0706
705.1231, 0.0704
705.2793, 0.0704
705.4357, 0.0704
705.592, 0.0703
705.7484, 0.0703
705.9047, 0.0701
706.061, 0.0701
706.2173, 0.0701
706.3736, 0.0699
706.5299, 0.0699
706.6862, 0.0697
706.8425, 0.0697
706.9988, 0.0697
707.1551, 0.0695
707.3114, 0.0695
707.4677, 0.0695
707.624, 0.0694
707.7803, 0.0694
707.9365, 0.0692
708.093, 0.0692
708.2493, 0.0692
708.4056, 0.069
708.5619, 0.069
708.7182, 0.0688
708.8745, 0.0688
709.0308, 0.0688
709.1871, 0.0687
709.3434, 0.0687
709.4997, 0.0687
709.656, 0.0685
709.8123, 0.0685
709.9687, 0.0685
710.125, 0.0683
710.2812, 0.0683
710.4376, 0.0681
710.5939, 0.0681
710.7502, 0.0681
710.9064, 0.068
711.0628, 0.068
711.2191, 0.068
711.3754, 0.0678
711.5316, 0.0678
711.688, 0.0678
711.8443, 0.0676
712.0006, 0.0676
712.157, 0.0676
712.3133, 0.0674
712.4696, 0.0674
712.6259, 0.0674
712.7822, 0.0674
712.9385, 0.0672
713.0948, 0.0672
713.2511, 0.0672
713.4074, 0.0671
713.5636, 0.0671
713.72, 0.0671
713.8763, 0.0669
714.0327, 0.0669
714.189, 0.0669
714.3453, 0.0669
714.5016, 0.0667
714.6579, 0.0667
714.8142, 0.0667
714.9705, 0.0667
715.1268, 0.0665
715.2831, 0.0665
715.4394, 0.0665
715.5957, 0.0665
715.752, 0.0664
715.9083, 0.0664
716.0647, 0.0664
716.221, 0.0662
716.3773, 0.0662
716.5335, 0.0662
716.6899, 0.066
716.8462, 0.066
717.0025, 0.066
717.1588, 0.0658
717.3151, 0.0658
717.4714, 0.0656
717.6277, 0.0656
717.784, 0.0656
717.9403, 0.0655
718.0967, 0.0655
718.253, 0.0655
718.4093, 0.0653
718.5655, 0.0653
718.7219, 0.0653
718.8782, 0.0651
719.0345, 0.0651
719.1908, 0.0651
719.3471, 0.0649
719.5034, 0.0649
719.6597, 0.0649
719.8159, 0.0648
719.9724, 0.0648
720.1287, 0.0648
720.285, 0.0646
720.4413, 0.0646
720.5976, 0.0646
720.7539, 0.0644
720.9102, 0.0644
721.0665, 0.0644
721.2227, 0.0642
721.3791, 0.0642
721.5354, 0.064
721.6917, 0.064
721.8479, 0.064
722.0043, 0.0639
722.1607, 0.0639
722.317, 0.0639
722.4733, 0.0637
722.6296, 0.0637
722.7859, 0.0637
722.9422, 0.0635
723.0985, 0.0635
723.2548, 0.0635
723.4111, 0.0633
723.5674, 0.0633
723.7237, 0.0633
723.88, 0.0632
724.0364, 0.0632
724.1927, 0.0632
724.349, 0.063
724.5053, 0.063
724.6616, 0.063
724.8178, 0.0628
724.9742, 0.0628
725.1305, 0.0628
725.2868, 0.0626
725.4431, 0.0626
725.5994, 0.0626
725.7557, 0.0624
725.912, 0.0624
726.0684, 0.0624
726.2247, 0.0623
726.381, 0.0623
726.5373, 0.0623
726.6936, 0.0621
726.8498, 0.0621
727.0062, 0.0621
727.1625, 0.0619
727.3188, 0.0619
727.4751, 0.0619
727.6314, 0.0617
727.7877, 0.0617
727.944, 0.0617
728.1003, 0.0616
728.2567, 0.0616
728.413, 0.0616
728.5693, 0.0614
728.7256, 0.0614
728.8819, 0.0614
729.0382, 0.0612
729.1945, 0.0612
729.3508, 0.0612
729.507, 0.061
729.6634, 0.061
729.8197, 0.061
729.976, 0.0608
730.1324, 0.0608
730.2887, 0.0608
730.445, 0.0607
730.6013, 0.0607
730.7576, 0.0607
730.9139, 0.0605
731.0702, 0.0605
731.2265, 0.0605
731.3828, 0.0603
731.5391, 0.0603
731.6954, 0.0603
731.8517, 0.0601
732.008, 0.0601
732.1644, 0.0601
732.3207, 0.06
732.4769, 0.06
732.6333, 0.06
732.7896, 0.0598
732.9459, 0.0598
733.1022, 0.0598
733.2585, 0.0596
733.4148, 0.0596
733.5711, 0.0596
733.7274, 0.0594
733.8837, 0.0594
734.0401, 0.0594
734.1964, 0.0592
734.3527, 0.0592
734.509, 0.0592
734.6653, 0.0591
734.8216, 0.0591
734.9779, 0.0591
735.1342, 0.0589
735.2905, 0.0589
735.4468, 0.0589
735.6031, 0.0587
735.7593, 0.0587
735.9157, 0.0587
736.072, 0.0585
736.2284, 0.0585
736.3847, 0.0585
736.541, 0.0584
736.6973, 0.0584
736.8536, 0.0584
737.0099, 0.0582
737.1662, 0.0582
737.3225, 0.0582
737.4788, 0.058
737.6351, 0.058
737.7913, 0.058
737.9477, 0.0578
738.104, 0.0578
738.2604, 0.0578
738.4167, 0.0576
738.573, 0.0576
738.7292, 0.0576
738.8856, 0.0575
739.0419, 0.0575
739.1982, 0.0575
739.3545, 0.0573
739.5108, 0.0573
739.6671, 0.0573
739.8234, 0.0573
739.9797, 0.0571
740.136, 0.0571
740.2924, 0.0571
740.4487, 0.0569
740.605, 0.0569
740.7612, 0.0569
740.9176, 0.0568
741.0739, 0.0568
741.2302, 0.0568
741.3865, 0.0566
741.5428, 0.0566
741.6991, 0.0566
741.8554, 0.0564
742.0117, 0.0564
742.1681, 0.0564
742.3244, 0.0562
742.4807, 0.0562
742.637, 0.0562
742.7933, 0.056
742.9496, 0.056
743.1059, 0.056
743.2622, 0.0559
743.4184, 0.0559
743.5748, 0.0559
743.7311, 0.0557
743.8874, 0.0557
744.0437, 0.0557
744.2001, 0.0555
744.3564, 0.0555
744.5127, 0.0555
744.669, 0.0555
744.8253, 0.0553
744.9816, 0.0553
745.1379, 0.0553
745.2942, 0.0552
745.4505, 0.0552
745.6068, 0.0552
745.7631, 0.055
745.9194, 0.055
746.0758, 0.055
746.2321, 0.0548
746.3884, 0.0548
746.5447, 0.0548
746.701, 0.0546
746.8573, 0.0546
747.0136, 0.0546
747.1699, 0.0544
747.3262, 0.0544
747.4825, 0.0544
747.6388, 0.0543
747.7951, 0.0543
747.9514, 0.0543
748.1077, 0.0541
748.2641, 0.0541
748.4203, 0.0541
748.5767, 0.0541
748.733, 0.0539
748.8893, 0.0539
749.0456, 0.0539
749.2019, 0.0537
749.3582, 0.0537
749.5145, 0.0537
749.6707, 0.0536
749.8271, 0.0536
749.9835, 0.0536
750.1398, 0.0534
750.2961, 0.0534
750.4524, 0.0534
750.6087, 0.0532
750.765, 0.0532
750.9213, 0.0532
751.0776, 0.053
751.2339, 0.053
751.3902, 0.053
751.5465, 0.0528
751.7027, 0.0528
751.8591, 0.0528
752.0155, 0.0528
752.1718, 0.0527
752.3281, 0.0527
752.4844, 0.0527
752.6407, 0.0525
752.797, 0.0525
752.9533, 0.0525
753.1096, 0.0523
753.2659, 0.0523
753.4222, 0.0523
753.5785, 0.0521
753.7348, 0.0521
753.8911, 0.0521
754.0474, 0.052
754.2038, 0.052
754.3601, 0.052
754.5164, 0.0518
754.6726, 0.0518
754.829, 0.0518
754.9853, 0.0518
755.1416, 0.0516
755.2979, 0.0516
755.4542, 0.0516
755.6105, 0.0514
755.7668, 0.0514
755.9232, 0.0514
756.0795, 0.0512
756.2358, 0.0512
756.3921, 0.0512
756.5484, 0.0511
756.7046, 0.0511
756.861, 0.0511
757.0173, 0.0509
757.1736, 0.0509
757.3299, 0.0509
757.4862, 0.0509
757.6425, 0.0507
757.7988, 0.0507
757.9552, 0.0507
758.1115, 0.0505
758.2678, 0.0505
758.4241, 0.0505
758.5804, 0.0504
758.7367, 0.0504
758.893, 0.0504
759.0493, 0.0502
759.2056, 0.0502
759.3618, 0.0502
759.5182, 0.05
759.6745, 0.05
759.8308, 0.05
759.9872, 0.05
760.1435, 0.0498
760.2998, 0.0498
760.4561, 0.0498
760.6124, 0.0496
760.7687, 0.0496
760.925, 0.0496
761.0813, 0.0495
761.2376, 0.0495
761.3939, 0.0495
761.5502, 0.0493
761.7065, 0.0493
761.8629, 0.0493
762.0192, 0.0493
762.1755, 0.0491
762.3317, 0.0491
762.4881, 0.0491
762.6444, 0.0489
762.8007, 0.0489
762.9569, 0.0489
763.1133, 0.0488
763.2696, 0.0488
763.4259, 0.0488
763.5822, 0.0486
763.7385, 0.0486
763.8949, 0.0486
764.0512, 0.0486
764.2075, 0.0484
764.3638, 0.0484
764.5201, 0.0484
764.6764, 0.0482
764.8327, 0.0482
764.9889, 0.0482
765.1453, 0.048
765.3016, 0.048
765.4579, 0.048
765.6141, 0.0479
765.7706, 0.0479
765.9268, 0.0479
766.0832, 0.0479
766.2395, 0.0477
766.3958, 0.0477
766.5521, 0.0477
766.7084, 0.0475
766.8647, 0.0475
767.021, 0.0475
767.1773, 0.0473
767.3336, 0.0473
767.4899, 0.0473
767.6463, 0.0473
767.8026, 0.0472
767.9588, 0.0472
768.1152, 0.0472
768.2715, 0.047
768.4278, 0.047
768.584, 0.047
768.7404, 0.0468
768.8967, 0.0468
769.053, 0.0468
769.2093, 0.0466
769.3656, 0.0466
769.5219, 0.0466
769.6783, 0.0466
769.8346, 0.0464
769.9909, 0.0464
770.1472, 0.0464
770.3035, 0.0463
770.4598, 0.0463
770.616, 0.0463
770.7724, 0.0461
770.9287, 0.0461
771.085, 0.0461
771.2413, 0.0461
771.3976, 0.0459
771.554, 0.0459
771.7103, 0.0459
771.8666, 0.0457
772.0229, 0.0457
772.1792, 0.0457
772.3355, 0.0456
772.4918, 0.0456
772.6481, 0.0456
772.8044, 0.0456
772.9607, 0.0454
773.117, 0.0454
773.2732, 0.0454
773.4296, 0.0452
773.5859, 0.0452
773.7423, 0.0452
773.8986, 0.0452
774.0549, 0.045
774.2112, 0.045
774.3675, 0.045
774.5238, 0.0449
774.6801, 0.0449
774.8364, 0.0449
774.9927, 0.0447
775.149, 0.0447
775.3053, 0.0447
775.4617, 0.0447
775.6179, 0.0445
775.7743, 0.0445
775.9306, 0.0445
776.0869, 0.0443
776.2432, 0.0443
776.3995, 0.0443
776.5558, 0.0443
776.7121, 0.0441
776.8683, 0.0441
777.0247, 0.0441
777.181, 0.044
777.3374, 0.044
777.4937, 0.044
777.65, 0.0438
777.8063, 0.0438
777.9626, 0.0438
778.1189, 0.0438
778.2752, 0.0436
778.4315, 0.0436
778.5878, 0.0436
778.7441, 0.0434
778.9003, 0.0434
779.0567, 0.0434
779.2131, 0.0434
779.3694, 0.0433
779.5257, 0.0433
779.682, 0.0433
779.8383, 0.0431
779.9946, 0.0431
780.1509, 0.0431
780.3072, 0.0431
780.4635, 0.0429
780.6198, 0.0429
780.7761, 0.0429
780.9324, 0.0427
781.0887, 0.0427
781.2451, 0.0427
781.4014, 0.0427
781.5577, 0.0425
781.714, 0.0425
781.8702, 0.0425
782.0266, 0.0424
782.1829, 0.0424
782.3392, 0.0424
782.4955, 0.0422
782.6518, 0.0422
782.8081, 0.0422
782.9644, 0.0422
783.1208, 0.042
783.2771, 0.042
783.4334, 0.042
783.5897, 0.0418
783.746, 0.0418
783.9022, 0.0418
784.0586, 0.0418
784.2149, 0.0417
784.3712, 0.0417
784.5274, 0.0417
784.6838, 0.0417
784.8401, 0.0415
784.9965, 0.0415
785.1528, 0.0415
785.3091, 0.0413
785.4654, 0.0413
785.6217, 0.0413
785.778, 0.0413
785.9343, 0.0411
786.0906, 0.0411
786.2469, 0.0411
786.4032, 0.0409
786.5594, 0.0409
786.7158, 0.0409
786.8721, 0.0409
787.0285, 0.0408
787.1848, 0.0408
787.3411, 0.0408
787.4974, 0.0406
787.6537, 0.0406
787.81, 0.0406
787.9663, 0.0406
788.1226, 0.0404
788.2789, 0.0404
788.4352, 0.0404
788.5915, 0.0402
788.7478, 0.0402
788.9042, 0.0402
789.0605, 0.0402
789.2168, 0.0401
789.3731, 0.0401
789.5293, 0.0401
789.6857, 0.0401
789.842, 0.0399
789.9983, 0.0399
790.1546, 0.0399
790.3109, 0.0397
790.4672, 0.0397
790.6236, 0.0397
790.7799, 0.0397
790.9362, 0.0395
791.0925, 0.0395
791.2488, 0.0395
791.4051, 0.0395
791.5614, 0.0393
791.7177, 0.0393
791.874, 0.0393
792.0303, 0.0392
792.1865, 0.0392
792.3429, 0.0392
792.4993, 0.0392
792.6556, 0.039
792.8119, 0.039
792.9682, 0.039
793.1245, 0.039
793.2808, 0.0388
793.4371, 0.0388
793.5934, 0.0388
793.7497, 0.0386
793.906, 0.0386
794.0623, 0.0386
794.2186, 0.0386
794.3749, 0.0385
794.5312, 0.0385
794.6876, 0.0385
794.8439, 0.0385
795.0002, 0.0383
795.1565, 0.0383
795.3128, 0.0383
795.4691, 0.0381
795.6254, 0.0381
795.7816, 0.0381
795.938, 0.0381
796.0943, 0.0379
796.2507, 0.0379
796.407, 0.0379
796.5633, 0.0379
796.7196, 0.0377
796.8759, 0.0377
797.0322, 0.0377
797.1885, 0.0377
797.3448, 0.0376
797.5011, 0.0376
797.6574, 0.0376
797.8136, 0.0374
797.97, 0.0374
798.1264, 0.0374
798.2827, 0.0374
798.439, 0.0372
798.5953, 0.0372
798.7516, 0.0372
798.9079, 0.0372
799.0642, 0.037
799.2205, 0.037
799.3768, 0.037
799.5331, 0.037
799.6894, 0.0369
799.8457, 0.0369
800.0021, 0.0369
800.1584, 0.0369
800.3147, 0.0367
800.471, 0.0367
800.6273, 0.0367
800.7835, 0.0365
800.9399, 0.0365
801.0962, 0.0365
801.2525, 0.0365
801.4088, 0.0363
801.5651, 0.0363
801.7214, 0.0363
801.8778, 0.0363
802.0341, 0.0361
802.1904, 0.0361
802.3467, 0.0361
802.503, 0.0361
802.6593, 0.036
802.8155, 0.036
802.9719, 0.036
803.1282, 0.036
803.2845, 0.0358
803.4408, 0.0358
803.5972, 0.0358
803.7534, 0.0358
803.9098, 0.0356
804.0661, 0.0356
804.2224, 0.0356
804.3787, 0.0356
804.535, 0.0354
804.6913, 0.0354
804.8476, 0.0354
805.0039, 0.0354
805.1602, 0.0352
805.3165, 0.0352
805.4729, 0.0352
805.6292, 0.0352
805.7854, 0.0351
805.9418, 0.0351
806.0981, 0.0351
806.2544, 0.0351
806.4107, 0.0349
806.567, 0.0349
806.7233, 0.0349
806.8796, 0.0349
807.0359, 0.0347
807.1922, 0.0347
807.3486, 0.0347
807.5049, 0.0347
807.6612, 0.0345
807.8175, 0.0345
807.9738, 0.0345
808.1301, 0.0345
808.2864, 0.0344
808.4426, 0.0344
808.599, 0.0344
808.7553, 0.0344
808.9116, 0.0342
809.068, 0.0342
809.2243, 0.0342
809.3806, 0.0342
809.5369, 0.034
809.6932, 0.034
809.8495, 0.034
810.0058, 0.034
810.1621, 0.0338
810.3184, 0.0338
810.4747, 0.0338
810.631, 0.0338
810.7873, 0.0337
810.9437, 0.0337
811.1, 0.0337
811.2563, 0.0337
811.4126, 0.0335
811.5689, 0.0335
811.7252, 0.0335
811.8815, 0.0335
812.0378, 0.0333
812.1941, 0.0333
812.3504, 0.0333
812.5067, 0.0333
812.663, 0.0331
812.8194, 0.0331
812.9757, 0.0331
813.132, 0.0331
813.2883, 0.0331
813.4445, 0.0329
813.6009, 0.0329
813.7572, 0.0329
813.9135, 0.0329
814.0698, 0.0328
814.2261, 0.0328
814.3824, 0.0328
814.5388, 0.0328
814.6951, 0.0326
814.8514, 0.0326
815.0077, 0.0326
815.164, 0.0326
815.3203, 0.0324
815.4766, 0.0324
815.6329, 0.0324
815.7892, 0.0324
815.9455, 0.0322
816.1018, 0.0322
816.2581, 0.0322
816.4144, 0.0322
816.5708, 0.0322
816.7271, 0.0321
816.8834, 0.0321
817.0397, 0.0321
817.196, 0.0321
817.3523, 0.0319
817.5086, 0.0319
817.6649, 0.0319
817.8212, 0.0319
817.9775, 0.0317
818.1339, 0.0317
818.2902, 0.0317
818.4465, 0.0317
818.6028, 0.0317
818.7591, 0.0315
818.9154, 0.0315
819.0717, 0.0315
819.228, 0.0315
819.3843, 0.0313
819.5406, 0.0313
819.6968, 0.0313
819.8533, 0.0313
820.0096, 0.0312
820.1659, 0.0312
820.3222, 0.0312
820.4785, 0.0312
820.6348, 0.0312
820.7911, 0.031
820.9474, 0.031
821.1037, 0.031
821.26, 0.031
821.4163, 0.0308
821.5726, 0.0308
821.729, 0.0308
821.8853, 0.0308
822.0416, 0.0308
822.1979, 0.0306
822.3542, 0.0306
822.5105, 0.0306
822.6667, 0.0306
822.8231, 0.0305
822.9794, 0.0305
823.1357, 0.0305
823.292, 0.0305
823.4484, 0.0305
823.6047, 0.0303
823.761, 0.0303
823.9173, 0.0303
824.0735, 0.0303
824.2299, 0.0301
824.3862, 0.0301
824.5425, 0.0301
824.6987, 0.0301
824.8551, 0.0301
825.0114, 0.0299
825.1678, 0.0299
825.3241, 0.0299
825.4804, 0.0299
825.6367, 0.0299
825.793, 0.0297
825.9493, 0.0297
826.1056, 0.0297
826.2619, 0.0297
826.4182, 0.0297
826.5745, 0.0296
826.7308, 0.0296
826.8872, 0.0296
827.0435, 0.0296
827.1998, 0.0296
827.3561, 0.0294
827.5124, 0.0294
827.6686, 0.0294
827.825, 0.0294
827.9813, 0.0294
828.1376, 0.0292
828.2939, 0.0292
828.4502, 0.0292
828.6066, 0.0292
828.7629, 0.0292
828.9192, 0.029
829.0755, 0.029
829.2318, 0.029
829.3881, 0.029
829.5444, 0.029
829.7006, 0.029
829.857, 0.0289
830.0133, 0.0289
830.1696, 0.0289
830.326, 0.0289
830.4823, 0.0289
830.6385, 0.0287
830.7949, 0.0287
830.9512, 0.0287
831.1075, 0.0287
831.2638, 0.0287
831.4201, 0.0287
831.5764, 0.0285
831.7327, 0.0285
831.889, 0.0285
832.0454, 0.0285
832.2017, 0.0285
832.358, 0.0285
832.5143, 0.0283
832.6705, 0.0283
832.8269, 0.0283
832.9832, 0.0283
833.1395, 0.0283
833.2958, 0.0283
833.4521, 0.0281
833.6084, 0.0281
833.7648, 0.0281
833.9211, 0.0281
834.0774, 0.0281
834.2337, 0.0281
834.39, 0.028
834.5463, 0.028
834.7026, 0.028
834.8589, 0.028
835.0152, 0.028
835.1715, 0.028
835.3279, 0.0278
835.4842, 0.0278
835.6404, 0.0278
835.7968, 0.0278
835.9531, 0.0278
836.1094, 0.0278
836.2657, 0.0278
836.422, 0.0276
836.5783, 0.0276
836.7346, 0.0276
836.891, 0.0276
837.0473, 0.0276
837.2036, 0.0276
837.3599, 0.0274
837.5162, 0.0274
837.6724, 0.0274
837.8288, 0.0274
837.9851, 0.0274
838.1414, 0.0274
838.2977, 0.0274
838.454, 0.0273
838.6104, 0.0273
838.7667, 0.0273
838.923, 0.0273
839.0793, 0.0273
839.2356, 0.0273
839.3919, 0.0271
839.5482, 0.0271
839.7045, 0.0271
839.8608, 0.0271
840.0171, 0.0271
840.1735, 0.0271
840.3298, 0.0271
840.4861, 0.0269
840.6423, 0.0269
840.7987, 0.0269
840.955, 0.0269
841.1113, 0.0269
841.2676, 0.0269
841.4239, 0.0269
841.5802, 0.0267
841.7365, 0.0267
841.8929, 0.0267
842.0492, 0.0267
842.2055, 0.0267
842.3618, 0.0267
842.5181, 0.0267
842.6743, 0.0265
842.8307, 0.0265
842.987, 0.0265
843.1433, 0.0265
843.2995, 0.0265
843.456, 0.0265
843.6122, 0.0265
843.7686, 0.0264
843.9249, 0.0264
844.0812, 0.0264
844.2375, 0.0264
844.3938, 0.0264
844.5501, 0.0264
844.7064, 0.0264
844.8627, 0.0262
845.019, 0.0262
845.1754, 0.0262
845.3317, 0.0262
845.488, 0.0262
845.6442, 0.0262
845.8006, 0.0262
845.9569, 0.026
846.1132, 0.026
846.2695, 0.026
846.4258, 0.026
846.5821, 0.026
846.7385, 0.026
846.8948, 0.026
847.0511, 0.0258
847.2074, 0.0258
847.3637, 0.0258
847.52, 0.0258
847.6763, 0.0258
847.8326, 0.0258
847.9889, 0.0258
848.1452, 0.0257
848.3014, 0.0257
848.4579, 0.0257
848.6141, 0.0257
848.7705, 0.0257
848.9268, 0.0257
849.0831, 0.0257
849.2394, 0.0255
849.3957, 0.0255
849.552, 0.0255
849.7083, 0.0255
849.8647, 0.0255
850.021, 0.0255
850.1773, 0.0255
850.3336, 0.0253
850.4899, 0.0253
850.6461, 0.0253
850.8025, 0.0253
850.9588, 0.0253
851.1151, 0.0253
851.2713, 0.0253
851.4277, 0.0251
851.584, 0.0251
851.7404, 0.0251
851.8967, 0.0251
852.053, 0.0251
852.2093, 0.0251
852.3656, 0.0251
852.5219, 0.025
852.6782, 0.025
852.8345, 0.025
852.9908, 0.025
853.1472, 0.025
853.3035, 0.025
853.4598, 0.025
853.616, 0.0248
853.7724, 0.0248
853.9287, 0.0248
854.085, 0.0248
854.2413, 0.0248
854.3976, 0.0248
854.5539, 0.0248
854.7102, 0.0246
854.8666, 0.0246
855.0229, 0.0246
855.1792, 0.0246
855.3355, 0.0246
855.4918, 0.0246
855.6481, 0.0246
855.8044, 0.0244
855.9607, 0.0244
856.117, 0.0244
856.2732, 0.0244
856.4297, 0.0244
856.5859, 0.0244
856.7423, 0.0242
856.8986, 0.0242
857.0549, 0.0242
857.2112, 0.0242
857.3675, 0.0242
857.5238, 0.0242
857.6801, 0.0242
857.8364, 0.0241
857.9927, 0.0241
858.1491, 0.0241
858.3054, 0.0241
858.4617, 0.0241
858.6179, 0.0241
858.7743, 0.0239
858.9306, 0.0239
859.0869, 0.0239
859.2432, 0.0239
859.3995, 0.0239
859.5558, 0.0239
859.7121, 0.0237
859.8685, 0.0237
860.0248, 0.0237
860.1811, 0.0237
860.3374, 0.0237
860.4937, 0.0237
860.65, 0.0235
860.8063, 0.0235
860.9626, 0.0235
861.1189, 0.0235
861.2752, 0.0235
861.4316, 0.0235
861.5878, 0.0234
861.7442, 0.0234
861.9005, 0.0234
862.0568, 0.0234
862.2131, 0.0234
862.3694, 0.0234
862.5257, 0.0232
862.682, 0.0232
862.8383, 0.0232
862.9947, 0.0232
863.151, 0.0232
863.3073, 0.0232
863.4636, 0.023
863.6199, 0.023
863.7762, 0.023
863.9325, 0.023
864.0888, 0.023
864.2451, 0.023
864.4014, 0.0228
864.5577, 0.0228
864.7141, 0.0228
864.8704, 0.0228
865.0267, 0.0228
865.183, 0.0228
865.3393, 0.0226
865.4956, 0.0226
865.6519, 0.0226
865.8082, 0.0226
865.9645, 0.0226
866.1208, 0.0226
866.2771, 0.0225
866.4335, 0.0225
866.5897, 0.0225
866.7461, 0.0225
866.9024, 0.0225
867.0587, 0.0223
867.215, 0.0223
867.3713, 0.0223
867.5276, 0.0223
867.6839, 0.0223
867.8401, 0.0223
867.9965, 0.0221
868.1529, 0.0221
868.3092, 0.0221
868.4655, 0.0221
868.6218, 0.0221
868.7781, 0.0219
868.9344, 0.0219
869.0907, 0.0219
869.2469, 0.0219
869.4033, 0.0219
869.5596, 0.0219
869.7159, 0.0218
869.8723, 0.0218
870.0286, 0.0218
870.1849, 0.0218
870.3412, 0.0218
870.4975, 0.0218
870.6538, 0.0216
870.8101, 0.0216
870.9664, 0.0216
871.1227, 0.0216
871.279, 0.0216
871.4353, 0.0214
871.5917, 0.0214
871.748, 0.0214
871.9043, 0.0214
872.0606, 0.0214
872.2169, 0.0214
872.3732, 0.0212
872.5295, 0.0212
872.6858, 0.0212
872.842, 0.0212
872.9984, 0.0212
873.1548, 0.021
873.3111, 0.021
873.4674, 0.021
873.6237, 0.021
873.78, 0.021
873.9363, 0.021
874.0926, 0.0209
874.2489, 0.0209
874.4052, 0.0209
874.5615, 0.0209
874.7179, 0.0209
874.8742, 0.0207
875.0305, 0.0207
875.1868, 0.0207
875.3431, 0.0207
875.4994, 0.0207
875.6557, 0.0205
875.812, 0.0205
875.9683, 0.0205
876.1246, 0.0205
876.2809, 0.0205
876.4373, 0.0205
876.5936, 0.0203
876.7499, 0.0203
876.9062, 0.0203
877.0625, 0.0203
877.2187, 0.0203
877.3751, 0.0202
877.5314, 0.0202
877.6877, 0.0202
877.8439, 0.0202
878.0003, 0.0202
878.1567, 0.0202
878.313, 0.02
878.4693, 0.02
878.6256, 0.02
878.7819, 0.02
878.9382, 0.02
879.0945, 0.02
879.2508, 0.0198
879.4071, 0.0198
879.5634, 0.0198
879.7197, 0.0198
879.8761, 0.0198
880.0324, 0.0196
880.1887, 0.0196
880.345, 0.0196
880.5013, 0.0196
880.6576, 0.0196
880.8138, 0.0196
880.9702, 0.0194
881.1265, 0.0194
881.2828, 0.0194
881.4391, 0.0194
881.5955, 0.0194
881.7518, 0.0193
881.9081, 0.0193
882.0644, 0.0193
882.2207, 0.0193
882.377, 0.0193
882.5333, 0.0193
882.6896, 0.0191
882.8458, 0.0191
883.0022, 0.0191
883.1585, 0.0191
883.3149, 0.0191
883.4712, 0.0191
883.6275, 0.0189
883.7838, 0.0189
883.9401, 0.0189
884.0964, 0.0189
884.2527, 0.0189
884.409, 0.0187
884.5653, 0.0187
884.7216, 0.0187
884.878, 0.0187
885.0343, 0.0187
885.1905, 0.0187
885.3469, 0.0186
885.5032, 0.0186
885.6595, 0.0186
885.8157, 0.0186
885.9721, 0.0186
886.1284, 0.0186
886.2847, 0.0184
886.441, 0.0184
886.5974, 0.0184
886.7537, 0.0184
886.91, 0.0184
887.0663, 0.0184
887.2226, 0.0182
887.3789, 0.0182
887.5352, 0.0182
887.6915, 0.0182
887.8477, 0.0182
888.0041, 0.0182
888.1604, 0.018
888.3168, 0.018
888.4731, 0.018
888.6294, 0.018
888.7856, 0.018
888.942, 0.018
889.0983, 0.0178
889.2546, 0.0178
889.4109, 0.0178
889.5672, 0.0178
889.7235, 0.0178
889.8799, 0.0178
890.0362, 0.0177
890.1925, 0.0177
890.3488, 0.0177
890.5051, 0.0177
890.6614, 0.0177
890.8176, 0.0177
890.974, 0.0177
891.1303, 0.0175
891.2866, 0.0175
891.4429, 0.0175
891.5993, 0.0175
891.7556, 0.0175
891.9119, 0.0175
892.0682, 0.0173
892.2245, 0.0173
892.3808, 0.0173
892.5371, 0.0173
892.6934, 0.0173
892.8497, 0.0173
893.006, 0.0173
893.1623, 0.0171
893.3187, 0.0171
893.475, 0.0171
893.6313, 0.0171
893.7875, 0.0171
893.9439, 0.0171
894.1002, 0.017
894.2565, 0.017
894.4128, 0.017
894.5691, 0.017
894.7254, 0.017
894.8818, 0.017
895.0381, 0.017
895.1944, 0.0168
895.3507, 0.0168
895.507, 0.0168
895.6633, 0.0168
895.8195, 0.0168
895.9759, 0.0168
896.1322, 0.0168
896.2885, 0.0166
896.4449, 0.0166
896.6012, 0.0166
896.7574, 0.0166
896.9138, 0.0166
897.0701, 0.0166
897.2264, 0.0166
897.3827, 0.0166
897.539, 0.0164
897.6953, 0.0164
897.8516, 0.0164
898.008, 0.0164
898.1643, 0.0164
898.3206, 0.0164
898.4769, 0.0164
898.6332, 0.0164
898.7894, 0.0164
898.9458, 0.0164
899.1021, 0.0164
899.2584, 0.0164
