#DataThief /Users/oxon/Desktop/Untitled 5.png Thursday 26-Apr-2018 10:30:50 AM
269.4867, 0.1157
269.643, 0.1157
269.7993, 0.1159
269.9557, 0.116
270.112, 0.1162
270.2683, 0.1166
270.4247, 0.1169
270.581, 0.1173
270.7372, 0.1175
270.8936, 0.1178
271.05, 0.1182
271.2063, 0.1184
271.3626, 0.1187
271.519, 0.1191
271.6753, 0.1194
271.8316, 0.1196
271.9879, 0.12
272.1443, 0.1203
272.3006, 0.1207
272.4569, 0.1208
272.6133, 0.1212
272.7696, 0.1216
272.9259, 0.1219
273.0822, 0.1221
273.2386, 0.1224
273.3949, 0.1228
273.5512, 0.1232
273.7076, 0.1235
273.8639, 0.1237
274.0202, 0.124
274.1764, 0.1244
274.3329, 0.1248
274.4892, 0.1251
274.6455, 0.1255
274.8018, 0.1258
274.9582, 0.1262
275.1145, 0.1265
275.2709, 0.1269
275.4272, 0.1274
275.5835, 0.1278
275.7399, 0.128
275.8961, 0.1285
276.0525, 0.1288
276.2089, 0.1292
276.3652, 0.1296
276.5215, 0.1299
276.6779, 0.1305
276.8342, 0.1308
276.9905, 0.1312
277.1468, 0.1315
277.3032, 0.132
277.4595, 0.1324
277.6159, 0.1328
277.7722, 0.1331
277.9285, 0.1337
278.0849, 0.134
278.2412, 0.1344
278.3975, 0.1349
278.5539, 0.1353
278.7102, 0.1356
278.8665, 0.136
279.0229, 0.1365
279.1792, 0.137
279.3355, 0.1374
279.4919, 0.1379
279.6482, 0.1383
279.8045, 0.1386
279.9609, 0.1392
280.1172, 0.1395
280.2735, 0.1401
280.4299, 0.1406
280.5862, 0.1409
280.7426, 0.1415
280.8989, 0.1418
281.0552, 0.1424
281.2116, 0.1427
281.3679, 0.1433
281.5242, 0.1438
281.6806, 0.1441
281.8369, 0.1447
281.9933, 0.1452
282.1496, 0.1456
282.3059, 0.1461
282.4623, 0.1466
282.6186, 0.147
282.7749, 0.1475
282.9313, 0.1481
283.0876, 0.1484
283.244, 0.1489
283.4003, 0.1495
283.5566, 0.15
283.713, 0.1504
283.8693, 0.1509
284.0256, 0.1514
284.182, 0.152
284.3383, 0.1525
284.4947, 0.1529
284.651, 0.1534
284.8073, 0.1539
284.9637, 0.1545
285.12, 0.155
285.2764, 0.1555
285.4327, 0.1559
285.589, 0.1564
285.7454, 0.1569
285.9017, 0.1575
286.0581, 0.158
286.2144, 0.1585
286.3707, 0.1591
286.5271, 0.1596
286.6834, 0.1601
286.8397, 0.1607
286.9961, 0.1612
287.1525, 0.1619
287.3088, 0.1625
287.4651, 0.163
287.6215, 0.1635
287.7778, 0.1642
287.9342, 0.1648
288.0905, 0.1653
288.2469, 0.166
288.4032, 0.1666
288.5594, 0.1671
288.7159, 0.1678
288.8721, 0.1683
289.0286, 0.169
289.1849, 0.1698
289.3413, 0.1703
289.4976, 0.171
289.654, 0.1717
289.8103, 0.1722
289.9667, 0.173
290.123, 0.1737
290.2793, 0.1743
290.4357, 0.1749
290.592, 0.1756
290.7484, 0.1763
290.9048, 0.177
291.0611, 0.1778
291.2175, 0.1785
291.3738, 0.1792
291.5302, 0.1801
291.6865, 0.1808
291.8429, 0.1815
291.9992, 0.1822
292.1556, 0.1829
292.3119, 0.1838
292.4683, 0.1844
292.6246, 0.1852
292.781, 0.1861
292.9374, 0.1868
293.0937, 0.1877
293.2501, 0.1884
293.4064, 0.1893
293.5628, 0.19
293.7191, 0.1909
293.8755, 0.1916
294.0318, 0.1925
294.1882, 0.1934
294.3446, 0.1943
294.5009, 0.195
294.6573, 0.1959
294.8136, 0.1968
294.97, 0.1977
295.1264, 0.1984
295.2827, 0.1993
295.4391, 0.2002
295.5954, 0.2011
295.7518, 0.2019
295.9082, 0.2028
296.0645, 0.2037
296.2209, 0.2046
296.3772, 0.2055
296.5335, 0.2062
296.69, 0.2071
296.8463, 0.208
297.0027, 0.2089
297.159, 0.2098
297.3154, 0.2107
297.4718, 0.2115
297.628, 0.2124
297.7845, 0.2133
297.9407, 0.2142
298.0972, 0.2149
298.2535, 0.2158
298.4099, 0.2167
298.5663, 0.2176
298.7226, 0.2185
298.879, 0.2194
299.0352, 0.2201
299.1917, 0.221
299.3481, 0.2219
299.5044, 0.2226
299.6608, 0.2235
299.8171, 0.2243
299.9735, 0.2251
300.1298, 0.2259
300.2862, 0.2268
300.4426, 0.2275
300.5989, 0.2283
300.7553, 0.2291
300.9116, 0.2299
301.068, 0.2307
301.2243, 0.2315
301.3807, 0.2322
301.537, 0.2328
301.6934, 0.2338
301.8497, 0.2345
302.0061, 0.2352
302.1623, 0.2359
302.3188, 0.2366
302.4751, 0.2373
302.6315, 0.238
302.7877, 0.2388
302.9442, 0.2395
303.1006, 0.2402
303.2569, 0.2409
303.4133, 0.2416
303.5695, 0.2421
303.7259, 0.2428
303.8822, 0.2436
304.0386, 0.2443
304.195, 0.245
304.3513, 0.2457
304.5077, 0.2464
304.664, 0.2471
304.8204, 0.2476
304.9767, 0.2484
305.1331, 0.249
305.2894, 0.2498
305.4458, 0.2505
305.6021, 0.2511
305.7585, 0.2517
305.9148, 0.2524
306.0712, 0.2532
306.2275, 0.2539
306.3839, 0.2546
306.5402, 0.2553
306.6966, 0.2558
306.8529, 0.2565
307.0093, 0.2572
307.1656, 0.258
307.322, 0.2587
307.4783, 0.2591
307.6347, 0.2599
307.791, 0.2606
307.9474, 0.2612
308.1037, 0.2619
308.2601, 0.2626
308.4163, 0.2633
308.5728, 0.264
308.729, 0.2645
308.8855, 0.2652
309.0418, 0.266
309.1982, 0.2667
309.3545, 0.2671
309.5109, 0.2679
309.6672, 0.2686
309.8235, 0.2692
309.9799, 0.2699
310.1362, 0.2706
310.2926, 0.2711
310.4489, 0.2718
310.6053, 0.2725
310.7616, 0.2731
310.918, 0.2738
311.0743, 0.2745
311.2307, 0.275
311.387, 0.2757
311.5434, 0.2765
311.6997, 0.277
311.8561, 0.2777
312.0124, 0.2782
312.1688, 0.2789
312.3251, 0.2795
312.4814, 0.2802
312.6378, 0.2809
312.7941, 0.2814
312.9505, 0.2821
313.1068, 0.2827
313.2631, 0.2833
313.4195, 0.2839
313.5758, 0.2846
313.7322, 0.2852
313.8885, 0.2859
314.0449, 0.2864
314.2013, 0.2871
314.3576, 0.2877
314.5139, 0.2884
314.6703, 0.2889
314.8266, 0.2896
314.983, 0.2901
315.1393, 0.2909
315.2957, 0.2913
315.452, 0.2919
315.6084, 0.2926
315.7647, 0.2932
315.9211, 0.2939
316.0774, 0.2944
316.2337, 0.2949
316.3901, 0.2957
316.5464, 0.2962
316.7027, 0.2967
316.8591, 0.2973
317.0155, 0.2978
317.1718, 0.2983
317.3281, 0.2989
317.4845, 0.2993
317.6408, 0.2999
317.7972, 0.3005
317.9535, 0.301
318.1098, 0.3014
318.2662, 0.3021
318.4224, 0.3024
318.5789, 0.3029
318.7351, 0.3035
318.8915, 0.3038
319.0479, 0.3044
319.2042, 0.3049
319.3605, 0.3053
319.5169, 0.3058
319.6732, 0.3061
319.8295, 0.3067
319.9859, 0.307
320.1421, 0.3075
320.2986, 0.3079
320.4549, 0.3085
320.6112, 0.3088
320.7675, 0.3093
320.9239, 0.3096
321.0802, 0.3102
321.2366, 0.3106
321.3929, 0.311
321.5492, 0.3115
321.7056, 0.3118
321.8618, 0.3124
322.0182, 0.3127
322.1746, 0.3131
322.3309, 0.3136
322.4872, 0.314
322.6436, 0.3143
322.7999, 0.3149
322.9562, 0.3152
323.1126, 0.3158
323.2689, 0.3161
323.4252, 0.3165
323.5816, 0.317
323.7379, 0.3174
323.8942, 0.3176
324.0506, 0.3182
324.2069, 0.3186
324.3633, 0.319
324.5196, 0.3195
324.6759, 0.3197
324.8323, 0.3202
324.9886, 0.3207
325.1449, 0.3211
325.3013, 0.3214
325.4576, 0.322
325.6139, 0.3223
325.7703, 0.3227
325.9266, 0.3232
326.0829, 0.3235
326.2393, 0.3241
326.3956, 0.3245
326.5518, 0.3248
326.7083, 0.3254
326.8646, 0.3256
327.0209, 0.3262
327.1773, 0.3266
327.3336, 0.3271
327.49, 0.3275
327.6463, 0.328
327.8026, 0.3284
327.959, 0.3289
328.1153, 0.3293
328.2716, 0.3298
328.428, 0.3303
328.5843, 0.3307
328.7406, 0.3312
328.897, 0.3317
329.0533, 0.3321
329.2097, 0.3326
329.366, 0.3332
329.5223, 0.3336
329.6787, 0.3341
329.835, 0.3346
329.9914, 0.3351
330.1477, 0.3357
330.304, 0.3362
330.4604, 0.3367
330.6167, 0.3373
330.7731, 0.3378
330.9294, 0.3383
331.0857, 0.3389
331.2421, 0.3394
331.3984, 0.3399
331.5548, 0.3405
331.7111, 0.3412
331.8675, 0.3417
332.0238, 0.3422
332.1801, 0.3428
332.3365, 0.3435
332.4928, 0.3439
332.6492, 0.3447
332.8054, 0.3453
332.9619, 0.3458
333.1182, 0.3465
333.2746, 0.3471
333.4309, 0.3477
333.5873, 0.3485
333.7436, 0.349
333.8999, 0.3497
334.0563, 0.3504
334.2126, 0.3511
334.369, 0.3519
334.5253, 0.3526
334.6817, 0.3531
334.838, 0.3538
334.9944, 0.3545
335.1508, 0.3554
335.3071, 0.3561
335.4635, 0.3568
335.6198, 0.3575
335.7762, 0.3583
335.9325, 0.3591
336.0889, 0.3599
336.2452, 0.3606
336.4016, 0.3615
336.5579, 0.3622
336.7143, 0.3631
336.8706, 0.3638
337.027, 0.3647
337.1834, 0.3655
337.3397, 0.3664
337.4961, 0.3671
337.6524, 0.3679
337.8088, 0.3689
337.9651, 0.3698
338.1215, 0.3707
338.2779, 0.3718
338.4343, 0.3728
338.5906, 0.3739
338.7469, 0.375
338.9034, 0.376
339.0597, 0.3773
339.2161, 0.3785
339.3725, 0.3798
339.5289, 0.381
339.6853, 0.3822
339.8417, 0.3835
339.998, 0.3848
340.1544, 0.386
340.3108, 0.3871
340.4672, 0.3883
340.6235, 0.3894
340.7799, 0.3904
340.9363, 0.3913
341.0926, 0.3921
341.249, 0.3931
341.4053, 0.394
341.5617, 0.3947
341.7181, 0.3956
341.8744, 0.3963
342.0308, 0.397
342.1871, 0.3976
342.3435, 0.3982
342.4998, 0.399
342.6561, 0.3995
342.8125, 0.4
342.9687, 0.4006
343.1252, 0.4011
343.2814, 0.4016
343.4378, 0.4022
343.5941, 0.4027
343.7505, 0.4032
343.9069, 0.4036
344.0632, 0.4041
344.2195, 0.4045
344.3759, 0.4048
344.5322, 0.4054
344.6885, 0.4057
344.8449, 0.4061
345.0012, 0.4064
345.1575, 0.4068
345.3139, 0.4072
345.4702, 0.4075
345.6265, 0.4079
345.7829, 0.4082
345.9392, 0.4086
346.0955, 0.4089
346.2518, 0.4093
346.4082, 0.4095
346.5645, 0.4098
346.7208, 0.4102
346.8772, 0.4104
347.0335, 0.4109
347.1898, 0.4111
347.3461, 0.4114
347.5025, 0.4118
347.6588, 0.412
347.8151, 0.4123
347.9714, 0.4125
348.1278, 0.4128
348.2841, 0.4132
348.4404, 0.4134
348.5968, 0.4137
348.753, 0.4139
348.9094, 0.4143
349.0657, 0.4144
349.2221, 0.4148
349.3784, 0.415
349.5347, 0.4153
349.6909, 0.4155
349.8474, 0.4157
350.0037, 0.4161
350.16, 0.4162
350.3163, 0.4166
350.4727, 0.4168
350.629, 0.4169
350.7852, 0.4173
350.9416, 0.4175
351.098, 0.4178
351.2543, 0.418
351.4106, 0.4182
351.5669, 0.4184
351.7233, 0.4187
351.8796, 0.4189
352.0359, 0.4193
352.1922, 0.4194
352.3486, 0.4198
352.5049, 0.42
352.6612, 0.4201
352.8175, 0.4205
352.9739, 0.4207
353.1302, 0.4209
353.2865, 0.4212
353.4428, 0.4214
353.5991, 0.4216
353.7555, 0.4219
353.9118, 0.4221
354.0681, 0.4223
354.2244, 0.4224
354.3808, 0.4228
354.5371, 0.423
354.6934, 0.4232
354.8497, 0.4235
355.0061, 0.4237
355.1623, 0.4239
355.3187, 0.4242
355.475, 0.4243
355.6314, 0.4245
355.7877, 0.4249
355.944, 0.4251
356.1003, 0.4253
356.2567, 0.4257
356.413, 0.4258
356.5693, 0.426
356.7256, 0.4264
356.882, 0.4264
357.0383, 0.4267
357.1945, 0.4271
357.3509, 0.4273
357.5072, 0.4276
357.6636, 0.4278
357.8199, 0.428
357.9762, 0.4283
358.1326, 0.4285
358.2889, 0.4287
358.4452, 0.429
358.6015, 0.4292
358.7579, 0.4296
358.9142, 0.4297
359.0705, 0.4301
359.2268, 0.4303
359.3832, 0.4306
359.5394, 0.4308
359.6958, 0.4312
359.8521, 0.4313
360.0085, 0.4317
360.1648, 0.4319
360.3211, 0.4322
360.4774, 0.4324
360.6338, 0.4328
360.7901, 0.4331
360.9464, 0.4333
361.1028, 0.4337
361.2591, 0.4338
361.4154, 0.4342
361.5716, 0.4344
361.7281, 0.4349
361.8843, 0.4351
362.0407, 0.4354
362.1971, 0.4358
362.3534, 0.4361
362.5097, 0.4363
362.666, 0.4367
362.8224, 0.437
362.9787, 0.4374
363.135, 0.4377
363.2913, 0.4381
363.4477, 0.4385
363.604, 0.4388
363.7604, 0.4392
363.9167, 0.4395
364.073, 0.4401
364.2294, 0.4404
364.3857, 0.4408
364.542, 0.4413
364.6984, 0.4417
364.8547, 0.442
365.011, 0.4425
365.1674, 0.4431
365.3237, 0.4434
365.48, 0.444
365.6364, 0.4445
365.7927, 0.445
365.9491, 0.4456
366.1054, 0.4461
366.2617, 0.4466
366.4181, 0.4472
366.5744, 0.4475
366.7308, 0.4481
366.8871, 0.4485
367.0434, 0.4491
367.1998, 0.4497
367.3561, 0.4502
367.5125, 0.4506
367.6688, 0.4513
367.8251, 0.4518
367.9815, 0.4523
368.1378, 0.4529
368.2942, 0.4534
368.4505, 0.4539
368.6068, 0.4545
368.7631, 0.455
368.9195, 0.4555
369.0759, 0.4561
369.2322, 0.4566
369.3886, 0.4573
369.5449, 0.4578
369.7012, 0.4584
369.8576, 0.4588
370.0139, 0.4594
370.1703, 0.46
370.3266, 0.4605
370.4828, 0.461
370.6393, 0.4616
370.7955, 0.4621
370.952, 0.4626
371.1083, 0.4632
371.2647, 0.4637
371.421, 0.4642
371.5773, 0.465
371.7337, 0.4655
371.89, 0.466
372.0464, 0.4666
372.2027, 0.4671
372.359, 0.4676
372.5154, 0.4682
372.6717, 0.4687
372.8281, 0.4692
372.9844, 0.4699
373.1408, 0.4705
373.2971, 0.471
373.4534, 0.4715
373.6098, 0.4721
373.7661, 0.4726
373.9224, 0.4733
374.0788, 0.4738
374.2352, 0.4744
374.3915, 0.4748
374.5478, 0.4754
374.7042, 0.476
374.8605, 0.4767
375.0169, 0.4772
375.1732, 0.4778
375.3296, 0.4783
375.4859, 0.4788
375.6421, 0.4795
375.7986, 0.4801
375.9548, 0.4806
376.1113, 0.4811
376.2676, 0.4817
376.424, 0.4824
376.5803, 0.4828
376.7366, 0.4835
376.893, 0.484
377.0493, 0.4847
377.2057, 0.4852
377.362, 0.4858
377.5184, 0.4863
377.6747, 0.4868
377.831, 0.4875
377.9874, 0.4881
378.1437, 0.4886
378.3001, 0.4893
378.4564, 0.4899
378.6128, 0.4904
378.7691, 0.4909
378.9255, 0.4916
379.0818, 0.4922
379.2381, 0.4927
379.3945, 0.4932
379.5508, 0.4943
379.7072, 0.4955
379.8636, 0.4966
380.02, 0.4977
380.1763, 0.4986
380.3327, 0.4995
380.4889, 0.5003
380.6454, 0.5011
380.8018, 0.5019
380.9581, 0.5027
381.1145, 0.5034
381.2708, 0.5043
381.4272, 0.5048
381.5835, 0.5055
381.7399, 0.5062
381.8961, 0.5067
382.0526, 0.5074
382.2089, 0.508
382.3652, 0.5085
382.5215, 0.5091
382.6779, 0.5098
382.8343, 0.5103
382.9906, 0.5108
383.147, 0.5114
383.3033, 0.5119
383.4596, 0.5124
383.616, 0.5128
383.7723, 0.5133
383.9285, 0.5139
384.085, 0.5142
384.2413, 0.5147
384.3977, 0.5151
384.554, 0.5156
384.7103, 0.516
384.8667, 0.5163
385.023, 0.5167
385.1793, 0.5171
385.3356, 0.5173
385.492, 0.5178
385.6482, 0.5181
385.8046, 0.5185
385.9609, 0.5188
386.1173, 0.519
386.2736, 0.5194
386.4299, 0.5196
386.5863, 0.5199
386.7426, 0.5201
386.8989, 0.5204
387.0552, 0.5206
387.2116, 0.5208
387.3679, 0.521
387.5242, 0.5213
387.6804, 0.5215
387.8369, 0.5217
387.9931, 0.5219
388.1495, 0.522
388.3058, 0.5222
388.4621, 0.5224
388.6185, 0.5226
388.7748, 0.5228
388.9311, 0.5229
389.0874, 0.5231
389.2437, 0.5232
389.4001, 0.5234
389.5564, 0.5236
389.7127, 0.5238
389.869, 0.524
390.0254, 0.5242
390.1817, 0.5244
390.338, 0.5244
390.4943, 0.5245
390.6505, 0.5247
390.8069, 0.5249
390.9633, 0.5249
391.1196, 0.5251
391.2759, 0.5252
391.4322, 0.5253
391.5885, 0.5255
391.7449, 0.5258
391.9012, 0.526
392.0575, 0.526
392.2138, 0.5261
392.37, 0.5263
392.5265, 0.5265
392.6827, 0.5267
392.8391, 0.5268
392.9954, 0.5268
393.1517, 0.527
393.3081, 0.5272
393.4644, 0.5274
393.6207, 0.5276
393.777, 0.5276
393.9333, 0.5276
394.0897, 0.5279
394.246, 0.5281
394.4022, 0.5283
394.5586, 0.5283
394.7149, 0.5284
394.8712, 0.5286
395.0276, 0.5288
395.1839, 0.529
395.3402, 0.529
395.4965, 0.5292
395.6528, 0.5293
395.8092, 0.5295
395.9655, 0.5297
396.1218, 0.5299
396.2781, 0.5299
396.4344, 0.53
396.5908, 0.5302
396.7471, 0.5304
396.9034, 0.5306
397.0597, 0.5308
397.216, 0.5308
397.3724, 0.5309
397.5287, 0.5311
397.685, 0.5312
397.8413, 0.5314
397.9976, 0.5314
398.1539, 0.5316
398.3103, 0.5318
398.4666, 0.532
398.6229, 0.532
398.7792, 0.5322
398.9355, 0.5322
399.0919, 0.5324
399.2482, 0.5324
399.4045, 0.5325
399.5608, 0.5325
399.717, 0.5327
399.8734, 0.5327
400.0297, 0.5329
400.1861, 0.5329
400.3424, 0.5329
400.4987, 0.5329
400.655, 0.5331
400.8113, 0.5331
400.9676, 0.5331
401.1239, 0.5331
401.2802, 0.5331
401.4365, 0.5331
401.5929, 0.5332
401.7492, 0.5332
401.9055, 0.5332
402.0618, 0.5332
402.2181, 0.5332
402.3744, 0.5332
402.5307, 0.5332
402.687, 0.5331
402.8434, 0.5331
402.9997, 0.5331
403.156, 0.5331
403.3123, 0.5331
403.4686, 0.5331
403.6249, 0.5329
403.7812, 0.5329
403.9375, 0.5329
404.0937, 0.5329
404.2501, 0.5327
404.4064, 0.5327
404.5628, 0.5327
404.7191, 0.5325
404.8754, 0.5325
405.0317, 0.5325
405.188, 0.5324
405.3443, 0.5324
405.5006, 0.5322
405.6569, 0.5322
405.8132, 0.5322
405.9695, 0.532
406.1258, 0.532
406.2821, 0.5318
406.4384, 0.5318
406.5947, 0.5316
406.7511, 0.5316
406.9074, 0.5314
407.0637, 0.5314
407.22, 0.5312
407.3763, 0.5311
407.5326, 0.5311
407.6888, 0.5309
407.8452, 0.5309
408.0015, 0.5308
408.1578, 0.5306
408.3141, 0.5306
408.4704, 0.5304
408.6267, 0.5304
408.783, 0.5302
408.9393, 0.53
409.0956, 0.53
409.2519, 0.5299
409.4082, 0.5297
409.5645, 0.5297
409.7208, 0.5295
409.8771, 0.5293
410.0335, 0.5293
410.1898, 0.5292
410.3461, 0.5292
410.5024, 0.529
410.6587, 0.5288
410.815, 0.5288
410.9713, 0.5286
411.1276, 0.5284
411.2839, 0.5284
411.4402, 0.5283
411.5965, 0.5281
411.7528, 0.5281
411.9091, 0.5279
412.0654, 0.5279
412.2217, 0.5276
412.378, 0.5276
412.5343, 0.5276
412.6905, 0.5274
412.8469, 0.5272
413.0032, 0.5272
413.1596, 0.527
413.3159, 0.527
413.4722, 0.5268
413.6284, 0.5268
413.7848, 0.5267
413.9411, 0.5267
414.0974, 0.5265
414.2537, 0.5265
414.41, 0.5263
414.5663, 0.5263
414.7226, 0.5261
414.8789, 0.5261
415.0352, 0.526
415.1915, 0.526
415.3477, 0.5258
415.5041, 0.5258
415.6604, 0.5258
415.8168, 0.5255
415.9731, 0.5255
416.1294, 0.5253
416.2857, 0.5253
416.442, 0.5252
416.5983, 0.5252
416.7546, 0.5252
416.9109, 0.5251
417.0672, 0.5251
417.2235, 0.5249
417.3798, 0.5249
417.5361, 0.5247
417.6924, 0.5247
417.8488, 0.5247
418.0051, 0.5245
418.1614, 0.5245
418.3176, 0.5244
418.474, 0.5244
418.6303, 0.5242
418.7866, 0.5242
418.9428, 0.5242
419.0992, 0.524
419.2555, 0.524
419.4118, 0.5238
419.5681, 0.5238
419.7244, 0.5236
419.8807, 0.5236
420.037, 0.5234
420.1933, 0.5234
420.3497, 0.5232
420.506, 0.5232
420.6623, 0.5231
420.8186, 0.5231
420.9748, 0.5229
421.1312, 0.5229
421.2875, 0.5228
421.4438, 0.5228
421.6, 0.5226
421.7564, 0.5226
421.9127, 0.5224
422.069, 0.5224
422.2253, 0.5222
422.3816, 0.5222
422.5379, 0.522
422.6942, 0.522
422.8505, 0.5219
423.0069, 0.5219
423.1632, 0.5217
423.3195, 0.5215
423.4758, 0.5215
423.632, 0.5213
423.7884, 0.5211
423.9447, 0.5211
424.101, 0.521
424.2572, 0.5208
424.4136, 0.5208
424.5699, 0.5206
424.7262, 0.5204
424.8824, 0.5204
425.0388, 0.5203
425.1951, 0.5201
425.3514, 0.5199
425.5077, 0.5199
425.664, 0.5197
425.8203, 0.5196
425.9766, 0.5194
426.1329, 0.5192
426.2892, 0.5192
426.4455, 0.519
426.6018, 0.5188
426.7581, 0.5187
426.9144, 0.5185
427.0707, 0.5183
427.227, 0.5181
427.3834, 0.518
427.5396, 0.5178
427.696, 0.5175
427.8523, 0.5173
428.0086, 0.5171
428.1649, 0.5171
428.3212, 0.5169
428.4775, 0.5167
428.6338, 0.5165
428.7901, 0.5164
428.9464, 0.5162
429.1027, 0.516
429.259, 0.5156
429.4153, 0.5154
429.5716, 0.5152
429.7278, 0.5149
429.8841, 0.5148
430.0405, 0.5146
430.1968, 0.5144
430.353, 0.514
430.5093, 0.5139
430.6656, 0.5137
430.8218, 0.5135
430.9782, 0.5131
431.1345, 0.513
431.2908, 0.5128
431.4471, 0.5124
431.6034, 0.5123
431.7597, 0.5121
431.916, 0.5117
432.0723, 0.5116
432.2286, 0.5114
432.3849, 0.511
432.5412, 0.5108
432.6975, 0.5107
432.8538, 0.5103
433.0101, 0.5101
433.1663, 0.5098
433.3227, 0.5096
433.479, 0.5091
433.6353, 0.5091
433.7915, 0.5087
433.9479, 0.5085
434.1042, 0.5082
434.2605, 0.508
434.4168, 0.5076
434.5731, 0.5074
434.7294, 0.507
434.8857, 0.5069
435.042, 0.5066
435.1983, 0.5064
435.3545, 0.506
435.5109, 0.5059
435.6671, 0.5055
435.8234, 0.5053
435.9797, 0.505
436.136, 0.5048
436.2923, 0.5044
436.4485, 0.5043
436.6049, 0.5039
436.7612, 0.5036
436.9175, 0.5034
437.0738, 0.503
437.2301, 0.5028
437.3864, 0.5025
437.5427, 0.5021
437.6989, 0.502
437.8553, 0.5016
438.0116, 0.5013
438.1679, 0.5011
438.3242, 0.5007
438.4805, 0.5005
438.6368, 0.5002
438.7931, 0.5
438.9493, 0.4996
439.1056, 0.4993
439.2619, 0.499
439.4182, 0.4988
439.5745, 0.4986
439.7308, 0.4982
439.8871, 0.4979
440.0434, 0.4977
440.1997, 0.4973
440.3559, 0.4971
440.5123, 0.4968
440.6686, 0.4964
440.8249, 0.4963
440.9811, 0.4959
441.1375, 0.4957
441.2938, 0.4954
441.4501, 0.495
441.6064, 0.4948
441.7627, 0.4945
441.919, 0.4943
442.0753, 0.494
442.2316, 0.4938
442.3878, 0.4934
442.5441, 0.4931
442.7004, 0.4929
442.8567, 0.4925
443.013, 0.4924
443.1693, 0.492
443.3256, 0.4918
443.4819, 0.4915
443.6381, 0.4913
443.7945, 0.4909
443.9508, 0.4908
444.1071, 0.4904
444.2634, 0.4902
444.4197, 0.4899
444.576, 0.4897
444.7323, 0.4895
444.8885, 0.4892
445.0449, 0.4889
445.2012, 0.4886
445.3575, 0.4884
445.5138, 0.4883
445.6701, 0.4879
445.8264, 0.4877
445.9827, 0.4876
446.139, 0.4872
446.2953, 0.487
446.4516, 0.4868
446.6078, 0.4865
446.7642, 0.4863
446.9205, 0.4861
447.0767, 0.4858
447.233, 0.4856
447.3893, 0.4854
447.5455, 0.4851
447.7019, 0.4849
447.8582, 0.4847
448.0145, 0.4844
448.1708, 0.4842
448.3271, 0.484
448.4834, 0.4836
448.6397, 0.4835
448.796, 0.4833
448.9523, 0.483
449.1086, 0.4828
449.2649, 0.4826
449.4212, 0.4824
449.5775, 0.482
449.7338, 0.4819
449.8901, 0.4817
450.0464, 0.4813
450.2027, 0.4812
450.359, 0.4809
450.5152, 0.4808
450.6716, 0.4804
450.8279, 0.4803
450.9842, 0.4801
451.1405, 0.4797
451.2968, 0.4796
451.4531, 0.4794
451.6094, 0.479
451.7657, 0.4788
451.922, 0.4787
452.0783, 0.4783
452.2346, 0.4781
452.3909, 0.478
452.5472, 0.4776
452.7035, 0.4774
452.8598, 0.4772
453.0161, 0.4769
453.1724, 0.4767
453.3287, 0.4765
453.4849, 0.4762
453.6413, 0.476
453.7976, 0.4758
453.9539, 0.4755
454.1102, 0.4753
454.2665, 0.4748
454.4228, 0.4748
454.5791, 0.4746
454.7353, 0.4742
454.8916, 0.474
455.0479, 0.4737
455.2042, 0.4735
455.3605, 0.4732
455.5168, 0.4729
455.6731, 0.4727
455.8294, 0.4724
455.9857, 0.4723
456.142, 0.4719
456.2983, 0.4717
456.4546, 0.4714
456.6109, 0.4712
456.7671, 0.4708
456.9235, 0.4705
457.0798, 0.4703
457.2361, 0.47
457.3924, 0.4698
457.5487, 0.4694
457.705, 0.4692
457.8613, 0.4689
458.0176, 0.4685
458.1739, 0.4684
458.3302, 0.468
458.4864, 0.4676
458.6427, 0.4673
458.799, 0.4671
458.9553, 0.4668
459.1116, 0.4664
459.2679, 0.466
459.4242, 0.4657
459.5805, 0.4653
459.7368, 0.465
459.8931, 0.4647
460.0493, 0.4644
460.2057, 0.4639
460.3618, 0.4636
460.5182, 0.4632
460.6745, 0.4628
460.8308, 0.4625
460.987, 0.462
461.1434, 0.4616
461.2997, 0.4612
461.456, 0.4609
461.6122, 0.4605
461.7686, 0.4604
461.9249, 0.46
462.0812, 0.4596
462.2375, 0.4595
462.3937, 0.4591
462.55, 0.4588
462.7063, 0.4584
462.8626, 0.4582
463.0189, 0.4579
463.1752, 0.4575
463.3315, 0.4573
463.4878, 0.457
463.6441, 0.4566
463.8004, 0.4564
463.9567, 0.4561
464.113, 0.4557
464.2692, 0.4554
464.4256, 0.4552
464.5819, 0.4548
464.7382, 0.4545
464.8944, 0.4543
465.0507, 0.454
465.207, 0.4536
465.3633, 0.4534
465.5196, 0.4531
465.6759, 0.4527
465.8322, 0.4525
465.9885, 0.4522
466.1448, 0.4518
466.3011, 0.4515
466.4574, 0.4513
466.6137, 0.4509
466.77, 0.4506
466.9263, 0.4504
467.0826, 0.45
467.2389, 0.4497
467.3952, 0.4495
467.5514, 0.4492
467.7077, 0.4487
467.8639, 0.4484
468.0203, 0.4483
468.1766, 0.4479
468.3329, 0.4476
468.4892, 0.4474
468.6455, 0.447
468.8018, 0.4466
468.9581, 0.4465
469.1144, 0.4461
469.2707, 0.4458
469.427, 0.4456
469.5833, 0.4452
469.7396, 0.4449
469.8959, 0.4445
470.0522, 0.4444
470.2085, 0.444
470.3647, 0.4436
470.521, 0.4435
470.6773, 0.4431
470.8336, 0.4428
470.9899, 0.4424
471.1461, 0.4422
471.3025, 0.4419
471.4588, 0.4415
471.6151, 0.4413
471.7713, 0.441
471.9277, 0.4405
472.084, 0.4404
472.2403, 0.4401
472.3966, 0.4397
472.5529, 0.4394
472.7092, 0.4392
472.8655, 0.4388
473.0217, 0.4385
473.178, 0.4383
473.3343, 0.4379
473.4906, 0.4376
473.6469, 0.4374
473.8032, 0.4371
473.9595, 0.4367
474.1158, 0.4363
474.2721, 0.4362
474.4284, 0.4358
474.5847, 0.4355
474.741, 0.4353
474.8973, 0.4349
475.0536, 0.4346
475.2099, 0.4342
475.3662, 0.434
475.5225, 0.4337
475.6787, 0.4333
475.835, 0.4331
475.9912, 0.4328
476.1476, 0.4324
476.3039, 0.4321
476.4602, 0.4319
476.6165, 0.4315
476.7728, 0.4312
476.9291, 0.431
477.0854, 0.4307
477.2417, 0.4303
477.398, 0.4299
477.5543, 0.4298
477.7106, 0.4294
477.8669, 0.4291
478.0232, 0.4289
478.1795, 0.4285
478.3357, 0.4282
478.492, 0.4278
478.6482, 0.4276
478.8046, 0.4273
478.9609, 0.4269
479.1172, 0.4267
479.2735, 0.4264
479.4298, 0.426
479.5861, 0.4257
479.7424, 0.4255
479.8987, 0.4251
480.055, 0.4248
480.2113, 0.4245
480.3676, 0.4243
480.5239, 0.4239
480.6802, 0.4235
480.8365, 0.4234
480.9927, 0.423
481.149, 0.4227
481.3053, 0.4223
481.4616, 0.4221
481.6179, 0.4218
481.7742, 0.4214
481.9304, 0.4212
482.0868, 0.4209
482.2431, 0.4205
482.3994, 0.4202
482.5556, 0.42
482.712, 0.4196
482.8683, 0.4193
483.0246, 0.4189
483.1809, 0.4187
483.3372, 0.4184
483.4934, 0.418
483.6497, 0.4177
483.806, 0.4175
483.9623, 0.4171
484.1186, 0.4168
484.2749, 0.4166
484.4312, 0.4163
484.5875, 0.4159
484.7438, 0.4155
484.9001, 0.4154
485.0564, 0.415
485.2127, 0.4147
485.369, 0.4143
485.5253, 0.4141
485.6816, 0.4138
485.8378, 0.4134
485.9941, 0.4131
486.1504, 0.4129
486.3067, 0.4125
486.463, 0.4122
486.6193, 0.4118
486.7755, 0.4116
486.9319, 0.4113
487.0882, 0.4109
487.2445, 0.4106
487.4008, 0.4104
487.5571, 0.41
487.7134, 0.4097
487.8697, 0.4093
488.026, 0.4091
488.1823, 0.4088
488.3385, 0.4083
488.4948, 0.4081
488.6511, 0.4079
488.8074, 0.4075
488.9637, 0.4072
489.12, 0.4068
489.2763, 0.4067
489.4325, 0.4062
489.5889, 0.4059
489.7452, 0.4056
489.9015, 0.4054
490.0578, 0.4051
490.2141, 0.4047
490.3704, 0.4043
490.5267, 0.404
490.683, 0.4038
490.8392, 0.4035
490.9955, 0.4031
491.1518, 0.4027
491.3081, 0.4026
491.4644, 0.4022
491.6207, 0.4019
491.777, 0.4015
491.9333, 0.4013
492.0896, 0.401
492.2459, 0.4006
492.4022, 0.4003
492.5585, 0.3999
492.7147, 0.3997
492.8711, 0.3994
493.0274, 0.399
493.1836, 0.3987
493.3399, 0.3985
493.4962, 0.3981
493.6524, 0.3978
493.8088, 0.3974
493.9651, 0.3971
494.1214, 0.3969
494.2777, 0.3965
494.434, 0.3961
494.5903, 0.3958
494.7466, 0.3956
494.9029, 0.3953
495.0592, 0.3949
495.2155, 0.3946
495.3718, 0.3942
495.5281, 0.394
495.6843, 0.3937
495.8406, 0.3933
495.9969, 0.393
496.1532, 0.3926
496.3094, 0.3924
496.4658, 0.3921
496.6221, 0.3917
496.7784, 0.3914
496.9346, 0.391
497.091, 0.3908
497.2473, 0.3905
497.4036, 0.3901
497.5598, 0.3898
497.7162, 0.3894
497.8725, 0.3892
498.0287, 0.3889
498.185, 0.3885
498.3413, 0.3881
498.4976, 0.3878
498.6539, 0.3876
498.8102, 0.3873
498.9665, 0.3869
499.1228, 0.3866
499.2791, 0.3862
499.4354, 0.386
499.5917, 0.3857
499.748, 0.3853
499.9043, 0.385
500.0605, 0.3846
500.2168, 0.3843
500.3731, 0.3841
500.5293, 0.3837
500.6857, 0.3834
500.842, 0.383
500.9983, 0.3827
501.1546, 0.3825
501.3109, 0.382
501.4672, 0.3818
501.6235, 0.3814
501.7798, 0.3811
501.9361, 0.3807
502.0924, 0.3805
502.2487, 0.3801
502.4049, 0.3798
502.5612, 0.3795
502.7175, 0.3791
502.8738, 0.3787
503.0301, 0.3786
503.1864, 0.3782
503.3427, 0.3779
503.499, 0.3775
503.6553, 0.3771
503.8115, 0.3768
503.9679, 0.3764
504.1242, 0.3763
504.2805, 0.3759
504.4368, 0.3755
504.593, 0.3752
504.7492, 0.3748
504.9056, 0.3745
505.0619, 0.374
505.2182, 0.3739
505.3745, 0.3736
505.5308, 0.3732
505.6871, 0.3729
505.8434, 0.3725
505.9997, 0.3721
506.156, 0.3718
506.3123, 0.3716
506.4686, 0.3713
506.6248, 0.3709
506.7811, 0.3706
506.9374, 0.3702
507.0937, 0.3699
507.25, 0.3695
507.4062, 0.3693
507.5626, 0.369
507.7189, 0.3686
507.8752, 0.3683
508.0315, 0.3679
508.1878, 0.3675
508.3441, 0.3672
508.5004, 0.3668
508.6566, 0.3667
508.8129, 0.3663
508.9691, 0.3659
509.1255, 0.3656
509.2818, 0.3652
509.4381, 0.3649
509.5944, 0.3645
509.7507, 0.3642
509.907, 0.3638
510.0633, 0.3635
510.2196, 0.3633
510.3759, 0.3629
510.5322, 0.3626
510.6885, 0.3622
510.8447, 0.3618
511.001, 0.3615
511.1573, 0.3611
511.3136, 0.3608
511.4699, 0.3604
511.6261, 0.3601
511.7825, 0.3599
511.9388, 0.3595
512.0951, 0.3592
512.2514, 0.3588
512.4077, 0.3585
512.564, 0.358
512.7202, 0.3578
512.8765, 0.3574
513.0328, 0.357
513.1891, 0.3567
513.3454, 0.3563
513.5017, 0.3559
513.658, 0.3556
513.8143, 0.3554
513.9706, 0.3551
514.1269, 0.3547
514.2832, 0.3544
514.4395, 0.354
514.5958, 0.3537
514.752, 0.3533
514.9083, 0.353
515.0646, 0.3526
515.2209, 0.3522
515.3772, 0.3519
515.5335, 0.3515
515.6898, 0.3512
515.846, 0.3508
516.0024, 0.3505
516.1587, 0.3501
516.315, 0.3498
516.4712, 0.3494
516.6275, 0.349
516.7838, 0.3489
516.9401, 0.3485
517.0964, 0.3482
517.2527, 0.3477
517.409, 0.3474
517.5653, 0.3471
517.7216, 0.3467
517.8779, 0.3464
518.0342, 0.346
518.1905, 0.3457
518.3467, 0.3453
518.503, 0.345
518.6593, 0.3446
518.8155, 0.3442
518.9719, 0.3439
519.1282, 0.3434
519.2845, 0.343
519.4408, 0.3426
519.5971, 0.3423
519.7534, 0.3418
519.9097, 0.3416
520.0659, 0.3412
520.2222, 0.3409
520.3785, 0.3405
520.5348, 0.3402
520.6911, 0.3397
520.8474, 0.3394
521.0037, 0.3391
521.16, 0.3387
521.3163, 0.3382
521.4726, 0.3378
521.6288, 0.3375
521.7851, 0.3371
521.9414, 0.3368
522.0977, 0.3364
522.254, 0.3361
522.4102, 0.3357
522.5666, 0.3354
522.7229, 0.335
522.8792, 0.3345
523.0355, 0.3341
523.1917, 0.3338
523.3479, 0.3334
523.5043, 0.333
523.6606, 0.3327
523.8169, 0.3323
523.9731, 0.332
524.1295, 0.3316
524.2858, 0.3311
524.4421, 0.3307
524.5984, 0.3304
524.7546, 0.33
524.9109, 0.3296
525.0672, 0.3293
525.2235, 0.329
525.3798, 0.3286
525.5361, 0.3282
525.6924, 0.3279
525.8487, 0.3275
526.005, 0.327
526.1613, 0.3266
526.3176, 0.3263
526.4738, 0.3259
526.6301, 0.3256
526.7864, 0.3252
526.9426, 0.3249
527.099, 0.3245
527.2553, 0.3242
527.4116, 0.3237
527.5678, 0.3234
527.7242, 0.3231
527.8805, 0.3227
528.0368, 0.3224
528.193, 0.322
528.3493, 0.3216
528.5056, 0.3213
528.6619, 0.321
528.8182, 0.3206
528.9745, 0.3202
529.1308, 0.3199
529.2871, 0.3195
529.4434, 0.3192
529.5997, 0.3188
529.756, 0.3185
529.9122, 0.3181
530.0685, 0.3178
530.2248, 0.3174
530.3811, 0.3172
530.5373, 0.3169
530.6937, 0.3165
530.85, 0.3162
531.0063, 0.3158
531.1626, 0.3154
531.3189, 0.3151
531.4752, 0.3147
531.6315, 0.3146
531.7877, 0.3142
531.9441, 0.3138
532.1003, 0.3135
532.2566, 0.3131
532.4129, 0.313
532.5692, 0.3126
532.7255, 0.3122
532.8818, 0.3119
533.0381, 0.3117
533.1944, 0.3114
533.3507, 0.311
533.507, 0.3106
533.6633, 0.3105
533.8195, 0.3101
533.9759, 0.3098
534.1322, 0.3096
534.2885, 0.3092
534.4447, 0.3089
534.6011, 0.3087
534.7572, 0.3083
534.9136, 0.308
535.0699, 0.3078
535.2262, 0.3074
535.3825, 0.3071
535.5388, 0.3069
535.6951, 0.3066
535.8514, 0.3064
536.0077, 0.306
536.164, 0.3057
536.3203, 0.3054
536.4766, 0.3051
536.6329, 0.305
536.7892, 0.3046
536.9455, 0.3044
537.1018, 0.3041
537.2581, 0.3039
537.4144, 0.3035
537.5707, 0.3034
537.7269, 0.303
537.8833, 0.3028
538.0396, 0.3025
538.1959, 0.3023
538.3521, 0.3019
538.5084, 0.3018
538.6646, 0.3014
538.821, 0.3012
538.9773, 0.3009
539.1336, 0.3007
539.2899, 0.3005
539.4462, 0.3002
539.6025, 0.3
539.7588, 0.2995
539.9151, 0.2993
540.0714, 0.2993
540.2277, 0.2989
540.384, 0.2987
540.5403, 0.2984
540.6966, 0.2982
540.8529, 0.298
541.0092, 0.2977
541.1655, 0.2974
541.3218, 0.2971
541.4781, 0.297
541.6343, 0.2968
541.7907, 0.2964
541.947, 0.2962
542.1033, 0.2959
542.2596, 0.2957
542.4159, 0.2953
542.5722, 0.2952
542.7285, 0.2948
542.8848, 0.2946
543.0411, 0.2945
543.1973, 0.2941
543.3536, 0.2939
543.5099, 0.2936
543.6662, 0.2934
543.8225, 0.293
543.9788, 0.2929
544.1351, 0.2925
544.2913, 0.2923
544.4477, 0.2922
544.604, 0.2918
544.7603, 0.2916
544.9165, 0.2913
545.0729, 0.2911
545.2292, 0.2907
545.3855, 0.2906
545.5417, 0.2904
545.6981, 0.29
545.8544, 0.2898
546.0107, 0.2894
546.167, 0.2893
546.3233, 0.289
546.4796, 0.2888
546.6359, 0.2886
546.7922, 0.2882
546.9485, 0.2881
547.1048, 0.2877
547.261, 0.2875
547.4174, 0.2873
547.5737, 0.287
547.73, 0.2868
547.8862, 0.2865
548.0426, 0.2863
548.1989, 0.2861
548.3551, 0.2857
548.5114, 0.2856
548.6677, 0.2854
548.8239, 0.285
548.9803, 0.2849
549.1366, 0.2847
549.2929, 0.2843
549.4492, 0.2841
549.6055, 0.284
549.7618, 0.2838
549.9181, 0.2833
550.0744, 0.2833
550.2307, 0.2831
550.387, 0.2829
550.5433, 0.2825
550.6996, 0.2824
550.8559, 0.2822
551.0122, 0.282
551.1685, 0.2818
551.3248, 0.2814
551.4811, 0.2812
551.6374, 0.2811
551.7936, 0.2809
551.95, 0.2808
552.1063, 0.2806
552.2626, 0.2802
552.4189, 0.2801
552.5752, 0.2799
552.7315, 0.2797
552.8878, 0.2795
553.0441, 0.2793
553.2004, 0.2792
553.3567, 0.279
553.513, 0.279
553.6693, 0.2788
553.8256, 0.2786
553.9819, 0.2785
554.1381, 0.2783
554.2946, 0.2783
554.4509, 0.2781
554.6072, 0.2779
554.7635, 0.2777
554.9198, 0.2777
555.0761, 0.2776
555.2324, 0.2774
555.3887, 0.2772
555.545, 0.2772
555.7013, 0.277
555.8576, 0.2769
556.0139, 0.2769
556.1702, 0.2767
556.3265, 0.2765
556.4828, 0.2765
556.6391, 0.2763
556.7953, 0.2761
556.9517, 0.2761
557.108, 0.276
557.2643, 0.2758
557.4205, 0.2758
557.5769, 0.2756
557.7332, 0.2756
557.8895, 0.2753
558.0458, 0.2753
558.2022, 0.2753
558.3585, 0.2751
558.5148, 0.2751
558.6711, 0.2749
558.8274, 0.2749
558.9837, 0.2747
559.14, 0.2747
559.2963, 0.2745
559.4526, 0.2744
559.6089, 0.2744
559.7652, 0.2742
559.9215, 0.2742
560.0778, 0.274
560.2341, 0.274
560.3904, 0.2738
560.5467, 0.2738
560.7029, 0.2737
560.8593, 0.2735
561.0157, 0.2735
561.172, 0.2732
561.3283, 0.2732
561.4846, 0.2731
561.6409, 0.2731
561.7972, 0.2729
561.9535, 0.2729
562.1098, 0.2728
562.2661, 0.2726
562.4224, 0.2726
562.5787, 0.2724
562.7349, 0.2724
562.8913, 0.2722
563.0476, 0.2722
563.2039, 0.2721
563.3602, 0.2719
563.5165, 0.2719
563.6728, 0.2717
563.8292, 0.2717
563.9855, 0.2715
564.1418, 0.2713
564.2981, 0.2713
564.4544, 0.2711
564.6107, 0.271
564.767, 0.271
564.9233, 0.2708
565.0796, 0.2706
565.2359, 0.2706
565.3921, 0.2705
565.5485, 0.2703
565.7048, 0.2701
565.8611, 0.2701
566.0174, 0.2699
566.1737, 0.2697
566.33, 0.2696
566.4863, 0.2694
566.6425, 0.2694
566.7989, 0.2692
566.9552, 0.269
567.1115, 0.2689
567.2678, 0.2687
567.4241, 0.2685
567.5804, 0.2685
567.7367, 0.2683
567.893, 0.2681
568.0493, 0.268
568.2056, 0.2678
568.362, 0.2676
568.5183, 0.2674
568.6745, 0.2673
568.8309, 0.2671
568.9872, 0.2669
569.1435, 0.2667
569.2998, 0.2665
569.4561, 0.2664
569.6124, 0.2662
569.7687, 0.2662
569.925, 0.266
570.0813, 0.2658
570.2376, 0.2657
570.3939, 0.2655
570.5502, 0.2652
570.7065, 0.2651
570.8628, 0.2649
571.0191, 0.2648
571.1754, 0.2646
571.3317, 0.2644
571.488, 0.2642
571.6442, 0.2641
571.8006, 0.2639
571.9569, 0.2637
572.1132, 0.2635
572.2695, 0.2633
572.4258, 0.2631
572.5821, 0.263
572.7384, 0.2628
572.8947, 0.2625
573.051, 0.2623
573.2073, 0.2621
573.3636, 0.2621
573.5199, 0.2619
573.6762, 0.2617
573.8325, 0.2616
573.9888, 0.2614
574.1451, 0.2612
574.3014, 0.261
574.4577, 0.2609
574.6139, 0.2607
574.7703, 0.2605
574.9266, 0.2605
575.0829, 0.2603
575.2392, 0.2601
575.3955, 0.26
575.5518, 0.2598
575.7081, 0.2596
575.8643, 0.2594
576.0207, 0.2593
576.177, 0.2593
576.3333, 0.2591
576.4896, 0.2589
576.6459, 0.2587
576.8022, 0.2585
576.9585, 0.2584
577.1149, 0.2584
577.2711, 0.2582
577.4275, 0.258
577.5838, 0.2578
577.7401, 0.2577
577.8963, 0.2577
578.0527, 0.2575
578.209, 0.2572
578.3653, 0.257
578.5215, 0.257
578.6779, 0.2569
578.8342, 0.2568
578.9905, 0.2566
579.1468, 0.2566
579.3031, 0.2564
579.4594, 0.2562
579.6157, 0.2561
579.772, 0.2561
579.9283, 0.2559
580.0846, 0.2557
580.2409, 0.2555
580.3972, 0.2555
580.5535, 0.2553
580.7098, 0.2551
580.866, 0.2551
581.0224, 0.255
581.1787, 0.2548
581.3351, 0.2548
581.4914, 0.2546
581.6477, 0.2545
581.804, 0.2545
581.9603, 0.2543
582.1166, 0.2541
582.2729, 0.2541
582.4292, 0.2539
582.5855, 0.2537
582.7418, 0.2537
582.8981, 0.2536
583.0544, 0.2534
583.2107, 0.2534
583.367, 0.2532
583.5232, 0.2532
583.6796, 0.253
583.8359, 0.2529
583.9922, 0.2529
584.1485, 0.2527
584.3048, 0.2527
584.4611, 0.2525
584.6174, 0.2523
584.7738, 0.2523
584.9301, 0.2521
585.0864, 0.2521
585.2427, 0.252
585.399, 0.2518
585.5553, 0.2518
585.7116, 0.2516
585.8679, 0.2516
586.0242, 0.2514
586.1804, 0.2514
586.3368, 0.2513
586.4931, 0.2513
586.6494, 0.2511
586.8056, 0.2511
586.962, 0.2509
587.1183, 0.2507
587.2746, 0.2507
587.4309, 0.2505
587.5873, 0.2505
587.7436, 0.2504
587.8999, 0.2504
588.0562, 0.2502
588.2125, 0.2502
588.3688, 0.25
588.5251, 0.25
588.6814, 0.2498
588.8377, 0.2498
588.994, 0.2497
589.1503, 0.2497
589.3066, 0.2495
589.4628, 0.2495
589.6192, 0.2493
589.7755, 0.2493
589.9319, 0.2493
590.0882, 0.249
590.2445, 0.249
590.4008, 0.2489
590.5571, 0.249
590.7134, 0.2488
590.8697, 0.2488
591.026, 0.2486
591.1823, 0.2486
591.3386, 0.2484
591.4949, 0.2484
591.6512, 0.2482
591.8075, 0.2482
591.9638, 0.2482
592.1201, 0.2481
592.2765, 0.2481
592.4328, 0.2479
592.5891, 0.2479
592.7454, 0.2477
592.9017, 0.2477
593.058, 0.2477
593.2143, 0.2475
593.3706, 0.2475
593.5269, 0.2474
593.6832, 0.2474
593.8395, 0.2474
593.9958, 0.2472
594.1521, 0.2472
594.3084, 0.2469
594.4647, 0.2469
594.6211, 0.2469
594.7774, 0.2468
594.9337, 0.2468
595.09, 0.2466
595.2463, 0.2466
595.4026, 0.2466
595.5589, 0.2465
595.7151, 0.2465
595.8715, 0.2463
596.0278, 0.2463
596.1841, 0.2463
596.3404, 0.2461
596.4967, 0.2461
596.6531, 0.2461
596.8094, 0.2459
596.9657, 0.2459
597.1219, 0.2458
597.2783, 0.2458
597.4346, 0.2458
597.5909, 0.2456
597.7471, 0.2456
597.9035, 0.2456
598.0598, 0.2454
598.2161, 0.2454
598.3724, 0.2454
598.5287, 0.2452
598.685, 0.2452
598.8414, 0.2452
598.9977, 0.245
599.154, 0.245
599.3103, 0.2449
599.4666, 0.2449
599.6229, 0.2449
599.7792, 0.2447
599.9355, 0.2447
600.0918, 0.2447
600.2481, 0.2445
600.4043, 0.2445
600.5607, 0.2445
600.717, 0.2443
600.8734, 0.2443
601.0297, 0.2443
601.186, 0.2442
601.3423, 0.2442
601.4986, 0.2442
601.6549, 0.244
601.8112, 0.244
601.9675, 0.244
602.1238, 0.2438
602.2801, 0.2438
602.4364, 0.2438
602.5927, 0.2436
602.749, 0.2436
602.9054, 0.2436
603.0617, 0.2434
603.218, 0.2434
603.3743, 0.2434
603.5306, 0.2433
603.6869, 0.2433
603.8432, 0.2433
603.9995, 0.2431
604.1558, 0.2431
604.3121, 0.2431
604.4684, 0.2429
604.6247, 0.2429
604.781, 0.2429
604.9373, 0.2427
605.0937, 0.2427
605.25, 0.2427
605.4062, 0.2426
605.5626, 0.2426
605.7189, 0.2426
605.8752, 0.2426
606.0315, 0.2424
606.1878, 0.2424
606.3441, 0.2424
606.5004, 0.2422
606.6566, 0.2422
606.8131, 0.2422
606.9694, 0.242
607.1257, 0.242
607.282, 0.242
607.4383, 0.2418
607.5946, 0.2418
607.7509, 0.2418
607.9072, 0.2417
608.0635, 0.2417
608.2198, 0.2417
608.3761, 0.2415
608.5324, 0.2415
608.6886, 0.2415
608.845, 0.2413
609.0014, 0.2413
609.1577, 0.2413
609.314, 0.2411
609.4703, 0.2411
609.6266, 0.2411
609.7829, 0.241
609.9392, 0.241
610.0955, 0.241
610.2518, 0.2408
610.4081, 0.2408
610.5644, 0.2406
610.7207, 0.2406
610.8771, 0.2406
611.0334, 0.2404
611.1897, 0.2404
611.346, 0.2402
611.5023, 0.2402
611.6585, 0.2401
611.8149, 0.2401
611.9712, 0.2399
612.1275, 0.2399
612.2838, 0.2397
612.4401, 0.2397
612.5964, 0.2395
612.7527, 0.2395
612.909, 0.2394
613.0653, 0.2394
613.2216, 0.2392
613.3779, 0.2392
613.5342, 0.2389
613.6905, 0.2388
613.8469, 0.2388
614.0032, 0.2386
614.1595, 0.2386
614.3158, 0.2385
614.4721, 0.2383
614.6284, 0.2383
614.7847, 0.2381
614.9409, 0.2379
615.0973, 0.2379
615.2536, 0.2378
615.4099, 0.2376
615.5662, 0.2376
615.7225, 0.2374
615.8788, 0.2372
616.0351, 0.237
616.1914, 0.237
616.3477, 0.2368
616.504, 0.2367
616.6602, 0.2365
616.8166, 0.2365
616.9729, 0.2363
617.1292, 0.2362
617.2854, 0.236
617.4418, 0.2358
617.5981, 0.2356
617.7544, 0.2354
617.9108, 0.2354
618.0671, 0.2353
618.2234, 0.2351
618.3797, 0.2349
618.536, 0.2347
618.6923, 0.2346
618.8486, 0.2344
619.0049, 0.2342
619.1612, 0.234
619.3175, 0.2338
619.4738, 0.2337
619.6301, 0.2335
619.7864, 0.2333
619.9426, 0.2331
620.099, 0.233
620.2553, 0.2326
620.4116, 0.2324
620.5678, 0.2322
620.7242, 0.2321
620.8805, 0.2319
621.0368, 0.2317
621.1931, 0.2314
621.3494, 0.2312
621.5057, 0.231
621.662, 0.2306
621.8183, 0.2305
621.9746, 0.2303
622.1309, 0.2299
622.2872, 0.2298
622.4435, 0.2296
622.5997, 0.2292
622.756, 0.229
622.9123, 0.2288
623.0686, 0.2285
623.2248, 0.2283
623.3812, 0.228
623.5375, 0.2278
623.6938, 0.2276
623.85, 0.2273
624.0064, 0.2271
624.1627, 0.2267
624.319, 0.2266
624.4753, 0.2262
624.6316, 0.2258
624.7879, 0.2257
624.9442, 0.2253
625.1005, 0.2251
625.2568, 0.2248
625.4131, 0.2244
625.5694, 0.2241
625.7257, 0.2239
625.882, 0.2235
626.0383, 0.2232
626.1945, 0.2227
626.3508, 0.2226
626.507, 0.2223
626.6634, 0.2219
626.8197, 0.2216
626.976, 0.2212
627.1323, 0.2209
627.2886, 0.2205
627.4449, 0.2202
627.6012, 0.22
627.7574, 0.2196
627.9138, 0.2191
628.07, 0.2187
628.2263, 0.2184
628.3826, 0.218
628.5389, 0.2177
628.6952, 0.2173
628.8515, 0.217
629.0078, 0.2166
629.1641, 0.2162
629.3204, 0.2157
629.4767, 0.2154
629.6329, 0.215
629.7892, 0.2146
629.9455, 0.2141
630.1018, 0.2137
630.2581, 0.2134
630.4144, 0.2129
630.5707, 0.2125
630.7269, 0.2121
630.8832, 0.2116
631.0395, 0.2113
631.1958, 0.2107
631.3521, 0.2104
631.5084, 0.2098
631.6646, 0.2095
631.821, 0.2089
631.9773, 0.2086
632.1335, 0.2081
632.2898, 0.2077
632.4461, 0.2072
632.6024, 0.2068
632.7587, 0.2063
632.915, 0.2057
633.0713, 0.2054
633.2275, 0.2049
633.3838, 0.2043
633.5401, 0.204
633.6964, 0.2034
633.8527, 0.2029
634.009, 0.2025
634.1652, 0.202
634.3215, 0.2015
634.4778, 0.2011
634.6341, 0.2006
634.7904, 0.2001
634.9466, 0.1997
635.103, 0.1992
635.2591, 0.1985
635.4155, 0.1983
635.5718, 0.1977
635.7281, 0.1972
635.8843, 0.1969
636.0407, 0.1963
636.1969, 0.1958
636.3532, 0.1954
636.5095, 0.1949
636.6658, 0.1944
636.8221, 0.194
636.9784, 0.1935
637.1346, 0.1929
637.2909, 0.1926
637.4472, 0.1921
637.6035, 0.1915
637.7598, 0.1912
637.9161, 0.1905
638.0724, 0.1901
638.2286, 0.1897
638.3849, 0.1892
638.5412, 0.1889
638.6975, 0.1883
638.8538, 0.188
639.0101, 0.1874
639.1663, 0.1871
639.3226, 0.1865
639.4788, 0.1862
639.6352, 0.1857
639.7915, 0.1853
639.9478, 0.1848
640.1041, 0.1844
640.2604, 0.1841
640.4167, 0.1835
640.5729, 0.1832
640.7292, 0.1828
640.8855, 0.1823
641.0418, 0.1819
641.1981, 0.1816
641.3544, 0.181
641.5107, 0.1807
641.667, 0.1803
641.8233, 0.18
641.9795, 0.1796
642.1358, 0.1793
642.2921, 0.1789
642.4484, 0.1785
642.6047, 0.178
642.761, 0.1777
642.9173, 0.1773
643.0735, 0.1771
643.2299, 0.1768
643.3862, 0.1764
643.5425, 0.1761
643.6987, 0.1757
643.855, 0.1753
644.0113, 0.175
644.1676, 0.1746
644.3239, 0.1745
644.4802, 0.1741
644.6364, 0.1737
644.7928, 0.1734
644.9491, 0.1732
645.1054, 0.1729
645.2617, 0.1724
645.418, 0.1723
645.5743, 0.172
645.7306, 0.1718
645.8869, 0.1714
646.0432, 0.1713
646.1995, 0.1709
646.3557, 0.1705
646.5121, 0.1703
646.6683, 0.17
646.8246, 0.1698
646.9809, 0.1697
647.1372, 0.1693
647.2934, 0.1691
647.4498, 0.1689
647.6061, 0.1686
647.7624, 0.1684
647.9186, 0.1682
648.075, 0.1681
648.2313, 0.1677
648.3876, 0.1675
648.5439, 0.1673
648.7002, 0.1672
648.8565, 0.1668
649.0128, 0.1666
649.1691, 0.1665
649.3254, 0.1663
649.4817, 0.1661
649.638, 0.1659
649.7943, 0.1657
649.9506, 0.1656
650.1069, 0.1654
650.2631, 0.1652
650.4195, 0.165
650.5758, 0.1649
650.7321, 0.1647
650.8883, 0.1645
651.0447, 0.1643
651.201, 0.1641
651.3573, 0.164
651.5135, 0.1638
651.6699, 0.1636
651.8262, 0.1634
651.9825, 0.1633
652.1388, 0.1631
652.2952, 0.1631
652.4515, 0.1629
652.6078, 0.1627
652.7641, 0.1625
652.9203, 0.1623
653.0767, 0.1622
653.233, 0.162
653.3893, 0.1618
653.5455, 0.1618
653.7019, 0.1617
653.8582, 0.1615
654.0145, 0.1613
654.1708, 0.1611
654.3271, 0.1609
654.4834, 0.1609
654.6397, 0.1608
654.796, 0.1606
654.9523, 0.1604
655.1086, 0.1602
655.2649, 0.1602
655.4212, 0.1601
655.5775, 0.1599
655.7338, 0.1597
655.8901, 0.1595
656.0464, 0.1595
656.2027, 0.1593
656.359, 0.1592
656.5152, 0.159
656.6716, 0.159
656.8279, 0.1588
656.9842, 0.1586
657.1405, 0.1586
657.2968, 0.1585
657.4531, 0.1583
657.6095, 0.1581
657.7658, 0.1581
657.9221, 0.1579
658.0784, 0.1577
658.2347, 0.1576
658.391, 0.1576
658.5473, 0.1574
658.7036, 0.1572
658.8599, 0.1572
659.0162, 0.157
659.1724, 0.1569
659.3288, 0.1569
659.4851, 0.1567
659.6414, 0.1565
659.7976, 0.1565
659.954, 0.1562
660.1103, 0.1561
660.2666, 0.1561
660.4229, 0.156
660.5792, 0.1558
660.7355, 0.1558
660.8918, 0.1556
661.0481, 0.1554
661.2045, 0.1554
661.3608, 0.1553
661.5171, 0.1553
661.6734, 0.1551
661.8296, 0.1549
661.986, 0.1549
662.1423, 0.1547
662.2986, 0.1545
662.4549, 0.1545
662.6112, 0.1544
662.7675, 0.1544
662.9238, 0.1542
663.0801, 0.154
663.2364, 0.154
663.3927, 0.1538
663.549, 0.1538
663.7053, 0.1537
663.8616, 0.1535
664.0179, 0.1535
664.1742, 0.1533
664.3306, 0.1533
664.4868, 0.1531
664.6432, 0.1529
664.7995, 0.1529
664.9558, 0.1528
665.1121, 0.1528
665.2684, 0.1526
665.4247, 0.1526
665.581, 0.1524
665.7372, 0.1522
665.8936, 0.1522
666.0499, 0.1521
666.2062, 0.1521
666.3625, 0.1519
666.5188, 0.1519
666.6751, 0.1517
666.8314, 0.1515
666.9877, 0.1515
667.144, 0.1513
667.3004, 0.1513
667.4567, 0.1512
667.613, 0.1512
667.7692, 0.151
667.9256, 0.151
668.0819, 0.1508
668.2382, 0.1508
668.3945, 0.1506
668.5508, 0.1505
668.7071, 0.1505
668.8634, 0.1503
669.0197, 0.1503
669.176, 0.1501
669.3323, 0.1501
669.4886, 0.1499
669.6449, 0.1499
669.8012, 0.1497
669.9576, 0.1497
670.1139, 0.1496
670.2702, 0.1496
670.4264, 0.1494
670.5828, 0.1492
670.7391, 0.1492
670.8954, 0.149
671.0517, 0.149
671.208, 0.1489
671.3643, 0.1489
671.5206, 0.1487
671.6768, 0.1487
671.8332, 0.1485
671.9895, 0.1485
672.1458, 0.1482
672.3021, 0.1482
672.4584, 0.1481
672.6148, 0.1481
672.7711, 0.148
672.9274, 0.148
673.0836, 0.1478
673.24, 0.1478
673.3963, 0.1476
673.5526, 0.1476
673.7088, 0.1474
673.8652, 0.1474
674.0215, 0.1473
674.1778, 0.1473
674.3341, 0.1471
674.4904, 0.1471
674.6467, 0.1469
674.803, 0.1469
674.9593, 0.1467
675.1157, 0.1467
675.272, 0.1465
675.4283, 0.1465
675.5846, 0.1464
675.7409, 0.1464
675.8972, 0.1461
676.0535, 0.1461
676.2098, 0.146
676.366, 0.146
676.5224, 0.1458
676.6787, 0.1458
676.835, 0.1457
676.9912, 0.1457
677.1476, 0.1455
677.3039, 0.1455
677.4602, 0.1453
677.6166, 0.1453
677.7729, 0.1451
677.9292, 0.1451
678.0855, 0.1449
678.2418, 0.1449
678.3981, 0.1448
678.5544, 0.1448
678.7107, 0.1446
678.867, 0.1446
679.0233, 0.1444
679.1796, 0.1444
679.3359, 0.1442
679.4922, 0.1442
679.6484, 0.1441
679.8048, 0.1441
679.9611, 0.1439
680.1174, 0.1439
680.2738, 0.1437
680.4301, 0.1437
680.5864, 0.1435
680.7427, 0.1435
680.899, 0.1433
681.0553, 0.1433
681.2116, 0.1432
681.3679, 0.1432
681.5242, 0.143
681.6804, 0.143
681.8368, 0.1428
681.9931, 0.1428
682.1494, 0.1426
682.3057, 0.1426
682.462, 0.1425
682.6183, 0.1425
682.7746, 0.1423
682.931, 0.1423
683.0873, 0.1421
683.2436, 0.1421
683.3999, 0.1419
683.5562, 0.1419
683.7125, 0.1417
683.8688, 0.1416
684.0251, 0.1416
684.1814, 0.1414
684.3377, 0.1414
684.494, 0.1412
684.6503, 0.1412
684.8066, 0.141
684.9628, 0.141
685.1192, 0.1409
685.2755, 0.1409
685.4318, 0.1407
685.5882, 0.1407
685.7445, 0.1405
685.9008, 0.1405
686.0571, 0.1403
686.2134, 0.1403
686.3697, 0.1401
686.526, 0.1401
686.6823, 0.14
686.8386, 0.14
686.9949, 0.1398
687.1512, 0.1396
687.3075, 0.1396
687.4638, 0.1394
687.62, 0.1394
687.7764, 0.1393
687.9327, 0.1393
688.089, 0.1391
688.2454, 0.1391
688.4017, 0.1389
688.558, 0.1387
688.7143, 0.1387
688.8706, 0.1385
689.0269, 0.1385
689.1832, 0.1384
689.3395, 0.1384
689.4958, 0.1381
689.6521, 0.138
689.8084, 0.138
689.9647, 0.1378
690.121, 0.1378
690.2772, 0.1377
690.4336, 0.1377
690.5899, 0.1375
690.7462, 0.1375
690.9024, 0.1373
691.0588, 0.1371
691.2152, 0.1371
691.3715, 0.1369
691.5278, 0.1369
691.6841, 0.1368
691.8404, 0.1368
691.9967, 0.1366
692.153, 0.1364
692.3093, 0.1364
692.4656, 0.1362
692.6219, 0.1362
692.7782, 0.136
692.9344, 0.136
693.0908, 0.1359
693.2471, 0.1357
693.4034, 0.1357
693.5596, 0.1355
693.716, 0.1355
693.8723, 0.1353
694.0287, 0.1353
694.185, 0.1352
694.3413, 0.1352
694.4976, 0.135
694.6539, 0.1348
694.8102, 0.1348
694.9665, 0.1346
695.1228, 0.1346
695.2791, 0.1345
695.4354, 0.1345
695.5917, 0.1343
695.748, 0.1341
695.9043, 0.1341
696.0606, 0.1339
696.2169, 0.1339
696.3732, 0.1337
696.5295, 0.1337
696.6858, 0.1336
696.842, 0.1334
696.9985, 0.1334
697.1548, 0.1332
697.3111, 0.1332
697.4674, 0.133
697.6237, 0.133
697.78, 0.1329
697.9363, 0.1329
698.0926, 0.1327
698.2489, 0.1325
698.4052, 0.1325
698.5615, 0.1323
698.7178, 0.1323
698.874, 0.132
699.0304, 0.132
699.1867, 0.132
699.343, 0.1318
699.4993, 0.1318
699.6556, 0.1316
699.812, 0.1316
699.9683, 0.1314
700.1246, 0.1314
700.2809, 0.1313
700.4372, 0.1311
700.5935, 0.1311
700.7498, 0.1309
700.9061, 0.1309
701.0624, 0.1307
701.2187, 0.1307
701.375, 0.1305
701.5312, 0.1305
701.6876, 0.1304
701.8439, 0.1302
702.0002, 0.1302
702.1565, 0.13
702.3128, 0.13
702.4691, 0.1298
702.6255, 0.1298
702.7818, 0.1297
702.9381, 0.1295
703.0944, 0.1295
703.2507, 0.1293
703.407, 0.1293
703.5633, 0.1291
703.7196, 0.1291
703.8759, 0.1289
704.0322, 0.1289
704.1885, 0.1288
704.3448, 0.1286
704.5011, 0.1286
704.6574, 0.1284
704.8136, 0.1284
704.97, 0.1282
705.1263, 0.1282
705.2826, 0.128
705.4389, 0.1279
705.5953, 0.1279
705.7516, 0.1277
705.9079, 0.1277
706.0642, 0.1275
706.2205, 0.1275
706.3768, 0.1273
706.5331, 0.1273
706.6894, 0.1272
706.8457, 0.127
707.002, 0.127
707.1583, 0.1268
707.3146, 0.1268
707.4708, 0.1266
707.6272, 0.1266
707.7835, 0.1265
707.9398, 0.1263
708.0961, 0.1263
708.2524, 0.1261
708.4088, 0.1261
708.5651, 0.1259
708.7214, 0.1259
708.8777, 0.1257
709.034, 0.1257
709.1903, 0.1256
709.3466, 0.1254
709.5029, 0.1254
709.6592, 0.1252
709.8155, 0.1252
709.9718, 0.125
710.128, 0.125
710.2844, 0.1249
710.4407, 0.1249
710.597, 0.1247
710.7532, 0.1245
710.9096, 0.1245
711.0659, 0.1243
711.2223, 0.1243
711.3786, 0.1241
711.5349, 0.1241
711.6912, 0.124
711.8475, 0.124
712.0038, 0.1238
712.1601, 0.1236
712.3164, 0.1236
712.4727, 0.1234
712.629, 0.1234
712.7852, 0.1233
712.9416, 0.1233
713.0979, 0.1231
713.2542, 0.1231
713.4104, 0.1229
713.5668, 0.1227
713.7231, 0.1227
713.8794, 0.1225
714.0358, 0.1225
714.1921, 0.1224
714.3484, 0.1224
714.5047, 0.1222
714.661, 0.1222
714.8173, 0.1219
714.9736, 0.1218
715.1299, 0.1218
715.2862, 0.1217
715.4425, 0.1217
715.5988, 0.1215
715.7551, 0.1215
715.9114, 0.1213
716.0677, 0.1213
716.224, 0.1211
716.3803, 0.1209
716.5366, 0.1209
716.6928, 0.1208
716.8493, 0.1208
717.0056, 0.1206
717.1619, 0.1206
717.3182, 0.1204
717.4745, 0.1204
717.6308, 0.1202
717.7871, 0.1202
717.9434, 0.1201
718.0997, 0.1199
718.256, 0.1199
718.4123, 0.1197
718.5686, 0.1197
718.7248, 0.1195
718.8812, 0.1195
719.0375, 0.1193
719.1938, 0.1193
719.3501, 0.1192
719.5065, 0.1192
719.6627, 0.119
719.8191, 0.1188
719.9754, 0.1188
720.1317, 0.1186
720.288, 0.1186
720.4443, 0.1185
720.6006, 0.1185
720.7569, 0.1183
720.9132, 0.1183
721.0695, 0.1181
721.2258, 0.1181
721.382, 0.1179
721.5384, 0.1177
721.6947, 0.1177
721.851, 0.1176
722.0073, 0.1176
722.1636, 0.1174
722.32, 0.1174
722.4763, 0.1172
722.6326, 0.1172
722.7889, 0.117
722.9452, 0.117
723.1015, 0.1169
723.2578, 0.1169
723.4141, 0.1167
723.5704, 0.1165
723.7267, 0.1165
723.883, 0.1163
724.0393, 0.1163
724.1956, 0.1161
724.3519, 0.1161
724.5082, 0.116
724.6644, 0.116
724.8208, 0.1158
724.9771, 0.1158
725.1335, 0.1156
725.2898, 0.1156
725.4461, 0.1154
725.6024, 0.1154
725.7587, 0.1153
725.915, 0.1151
726.0713, 0.1151
726.2276, 0.1149
726.3839, 0.1149
726.5402, 0.1147
726.6965, 0.1147
726.8528, 0.1145
727.0091, 0.1145
727.1654, 0.1144
727.3216, 0.1144
727.478, 0.1142
727.6343, 0.1142
727.7907, 0.114
727.947, 0.114
728.1033, 0.1138
728.2596, 0.1138
728.4159, 0.1137
728.5722, 0.1137
728.7285, 0.1135
728.8848, 0.1133
729.0411, 0.1133
729.1974, 0.1131
729.3537, 0.1131
729.51, 0.1129
729.6663, 0.1129
729.8226, 0.1128
729.9788, 0.1128
730.1352, 0.1126
730.2916, 0.1126
730.4479, 0.1124
730.6042, 0.1124
730.7605, 0.1122
730.9167, 0.1122
731.0731, 0.1121
731.2294, 0.1121
731.3857, 0.1118
731.542, 0.1118
731.6983, 0.1117
731.8546, 0.1117
732.0109, 0.1115
732.1672, 0.1115
732.3235, 0.1113
732.4798, 0.1113
732.636, 0.1112
732.7925, 0.1112
732.9487, 0.111
733.1051, 0.111
733.2614, 0.1108
733.4177, 0.1108
733.5739, 0.1106
733.7303, 0.1106
733.8866, 0.1105
734.0429, 0.1105
734.1992, 0.1103
734.3555, 0.1103
734.5118, 0.1101
734.6681, 0.1101
734.8244, 0.1099
734.9807, 0.1099
735.137, 0.1097
735.2933, 0.1097
735.4496, 0.1096
735.6059, 0.1096
735.7623, 0.1094
735.9186, 0.1094
736.0749, 0.1092
736.2312, 0.1092
736.3875, 0.109
736.5438, 0.109
736.7001, 0.1089
736.8564, 0.1089
737.0127, 0.1087
737.169, 0.1087
737.3253, 0.1085
737.4816, 0.1085
737.6379, 0.1083
737.7942, 0.1083
737.9505, 0.1081
738.1069, 0.1081
738.2631, 0.108
738.4195, 0.108
738.5758, 0.1078
738.7321, 0.1078
738.8883, 0.1076
739.0447, 0.1076
739.201, 0.1074
739.3573, 0.1074
739.5135, 0.1073
739.6699, 0.1073
739.8262, 0.1071
739.9825, 0.1071
740.1388, 0.1069
740.2951, 0.1069
740.4514, 0.1067
740.6078, 0.1067
740.7641, 0.1065
740.9203, 0.1065
741.0767, 0.1064
741.233, 0.1064
741.3893, 0.1062
741.5455, 0.1062
741.7019, 0.106
741.8582, 0.106
742.0145, 0.1058
742.1708, 0.1058
742.3271, 0.1057
742.4834, 0.1057
742.6397, 0.1055
742.796, 0.1055
742.9523, 0.1053
743.1087, 0.1053
743.265, 0.1053
743.4213, 0.1051
743.5776, 0.1051
743.7339, 0.1049
743.8902, 0.1049
744.0465, 0.1048
744.2028, 0.1048
744.3591, 0.1046
744.5154, 0.1046
744.6717, 0.1044
744.8279, 0.1044
744.9843, 0.1042
745.1406, 0.1042
745.2969, 0.1041
745.4532, 0.1041
745.6096, 0.1039
745.7659, 0.1039
745.9222, 0.1037
746.0785, 0.1037
746.2348, 0.1037
746.3911, 0.1035
746.5474, 0.1035
746.7037, 0.1033
746.8599, 0.1033
747.0163, 0.1032
747.1726, 0.1032
747.3289, 0.103
747.4852, 0.103
747.6415, 0.1028
747.7978, 0.1028
747.9541, 0.1026
748.1105, 0.1026
748.2668, 0.1025
748.4231, 0.1025
748.5794, 0.1025
748.7357, 0.1023
748.892, 0.1023
749.0483, 0.1021
749.2046, 0.1021
749.3609, 0.1019
749.5171, 0.1019
749.6735, 0.1017
749.8298, 0.1017
749.9861, 0.1016
750.1424, 0.1016
750.2988, 0.1016
750.4551, 0.1014
750.6114, 0.1014
750.7677, 0.1012
750.924, 0.1012
751.0803, 0.101
751.2366, 0.101
751.3929, 0.1009
751.5492, 0.1009
751.7055, 0.1007
751.8618, 0.1007
752.0181, 0.1007
752.1743, 0.1005
752.3307, 0.1005
752.487, 0.1003
752.6433, 0.1003
752.7997, 0.1001
752.956, 0.1001
753.1123, 0.1
753.2686, 0.1
753.4249, 0.1
753.5812, 0.0998
753.7375, 0.0998
753.8938, 0.0996
754.0501, 0.0996
754.2064, 0.0994
754.3627, 0.0994
754.519, 0.0993
754.6753, 0.0993
754.8316, 0.0993
754.9879, 0.0991
755.1443, 0.0991
755.3006, 0.0989
755.4569, 0.0989
755.6132, 0.0987
755.7694, 0.0987
755.9258, 0.0985
756.0821, 0.0985
756.2384, 0.0985
756.3947, 0.0984
756.551, 0.0984
756.7073, 0.0982
756.8636, 0.0982
757.0199, 0.098
757.1762, 0.098
757.3325, 0.0977
757.4889, 0.0977
757.6452, 0.0977
757.8014, 0.0977
757.9578, 0.0977
758.1141, 0.0975
758.2704, 0.0975
758.4267, 0.0973
758.583, 0.0973
758.7393, 0.0973
758.8956, 0.0971
759.0519, 0.0971
759.2082, 0.0969
759.3645, 0.0969
759.5208, 0.0968
759.6771, 0.0968
759.8335, 0.0968
759.9898, 0.0966
760.1461, 0.0966
760.3024, 0.0964
760.4586, 0.0964
760.615, 0.0962
760.7713, 0.0962
760.9276, 0.0962
761.0839, 0.0961
761.2402, 0.0961
761.3965, 0.0959
761.5528, 0.0959
761.709, 0.0957
761.8654, 0.0957
762.0218, 0.0957
762.1781, 0.0955
762.3344, 0.0955
762.4907, 0.0953
762.647, 0.0953
762.8033, 0.0952
762.9596, 0.0952
763.1159, 0.0952
763.2722, 0.095
763.4285, 0.095
763.5848, 0.0948
763.741, 0.0948
763.8974, 0.0946
764.0537, 0.0946
764.2101, 0.0946
764.3664, 0.0945
764.5227, 0.0945
764.679, 0.0943
764.8353, 0.0943
764.9916, 0.0943
765.1479, 0.0941
765.3042, 0.0941
765.4605, 0.0939
765.6168, 0.0939
765.7731, 0.0937
765.9294, 0.0937
766.0857, 0.0937
766.242, 0.0936
766.3982, 0.0936
766.5546, 0.0934
766.7109, 0.0934
766.8673, 0.0934
767.0236, 0.0932
767.1799, 0.0932
767.3362, 0.093
767.4925, 0.093
767.6488, 0.0929
767.8051, 0.0929
767.9614, 0.0929
768.1177, 0.0927
768.274, 0.0927
768.4303, 0.0925
768.5866, 0.0925
768.7429, 0.0925
768.8993, 0.0923
769.0556, 0.0923
769.2119, 0.0921
769.3682, 0.0921
769.5245, 0.0921
769.6808, 0.092
769.8371, 0.092
769.9933, 0.0918
770.1497, 0.0918
770.306, 0.0916
770.4623, 0.0916
770.6186, 0.0916
770.7749, 0.0914
770.9312, 0.0914
771.0875, 0.0913
771.2439, 0.0913
771.4002, 0.0913
771.5565, 0.0911
771.7128, 0.0911
771.8691, 0.0909
772.0254, 0.0909
772.1817, 0.0909
772.338, 0.0907
772.4943, 0.0907
772.6505, 0.0906
772.8069, 0.0906
772.9632, 0.0906
773.1195, 0.0904
773.2759, 0.0904
773.4322, 0.0902
773.5885, 0.0902
773.7448, 0.0902
773.9011, 0.09
774.0574, 0.09
774.2137, 0.0898
774.37, 0.0898
774.5263, 0.0897
774.6825, 0.0897
774.8389, 0.0897
774.9952, 0.0895
775.1515, 0.0895
775.3078, 0.0893
775.4641, 0.0893
775.6205, 0.0893
775.7768, 0.0891
775.9331, 0.0891
776.0894, 0.089
776.2457, 0.089
776.402, 0.089
776.5583, 0.0888
776.7146, 0.0888
776.8709, 0.0886
777.0272, 0.0886
777.1835, 0.0886
777.3397, 0.0884
777.4961, 0.0884
777.6524, 0.0882
777.8088, 0.0882
777.9651, 0.0882
778.1214, 0.0881
778.2777, 0.0881
778.434, 0.0879
778.5903, 0.0879
778.7466, 0.0879
778.9029, 0.0877
779.0592, 0.0877
779.2155, 0.0875
779.3718, 0.0875
779.5281, 0.0875
779.6844, 0.0874
779.8407, 0.0874
779.9971, 0.0874
780.1534, 0.0872
780.3096, 0.0872
780.466, 0.087
780.6223, 0.087
780.7786, 0.087
780.9348, 0.0868
781.0912, 0.0868
781.2475, 0.0866
781.4038, 0.0866
781.5601, 0.0866
781.7164, 0.0865
781.8727, 0.0865
782.029, 0.0863
782.1854, 0.0863
782.3417, 0.0863
782.498, 0.0861
782.6543, 0.0861
782.8106, 0.0859
782.9668, 0.0859
783.1232, 0.0859
783.2795, 0.0858
783.4358, 0.0858
783.592, 0.0856
783.7484, 0.0856
783.9047, 0.0856
784.061, 0.0854
784.2174, 0.0854
784.3737, 0.0854
784.53, 0.0852
784.6863, 0.0852
784.8426, 0.085
784.9989, 0.085
785.1552, 0.085
785.3115, 0.0849
785.4678, 0.0849
785.624, 0.0847
785.7804, 0.0847
785.9367, 0.0847
786.093, 0.0845
786.2493, 0.0845
786.4056, 0.0843
786.562, 0.0843
786.7183, 0.0843
786.8746, 0.0842
787.0309, 0.0842
787.1872, 0.0842
787.3435, 0.084
787.4998, 0.084
787.6561, 0.0838
787.8124, 0.0838
787.9687, 0.0838
788.125, 0.0836
788.2812, 0.0836
788.4376, 0.0834
788.5939, 0.0834
788.7503, 0.0834
788.9066, 0.0833
789.0629, 0.0833
789.2192, 0.0831
789.3755, 0.0831
789.5318, 0.0831
789.6881, 0.0829
789.8444, 0.0829
790.0007, 0.0829
790.157, 0.0827
790.3133, 0.0827
790.4696, 0.0826
790.6259, 0.0826
790.7823, 0.0826
790.9386, 0.0824
791.0949, 0.0824
791.2511, 0.0822
791.4075, 0.0822
791.5638, 0.0822
791.7201, 0.082
791.8763, 0.082
792.0327, 0.082
792.189, 0.0818
792.3453, 0.0818
792.5016, 0.0817
792.6579, 0.0817
792.8143, 0.0817
792.9706, 0.0815
793.1269, 0.0815
793.2832, 0.0813
793.4395, 0.0813
793.5958, 0.0813
793.7521, 0.0811
793.9083, 0.0811
794.0647, 0.0811
794.221, 0.081
794.3773, 0.081
794.5335, 0.0808
794.6899, 0.0808
794.8462, 0.0808
795.0025, 0.0806
795.1589, 0.0806
795.3152, 0.0804
795.4715, 0.0804
795.6278, 0.0804
795.7841, 0.0802
795.9404, 0.0802
796.0967, 0.0802
796.253, 0.0801
796.4093, 0.0801
796.5655, 0.0799
796.7219, 0.0799
796.8782, 0.0799
797.0345, 0.0796
797.1909, 0.0796
797.3472, 0.0795
797.5034, 0.0795
797.6598, 0.0795
797.8161, 0.0794
797.9724, 0.0794
798.1287, 0.0794
798.285, 0.0792
798.4413, 0.0792
798.5976, 0.079
798.7539, 0.079
798.9102, 0.079
799.0665, 0.0788
799.2227, 0.0788
799.3791, 0.0786
799.5354, 0.0786
799.6918, 0.0786
799.8481, 0.0785
800.0044, 0.0785
800.1607, 0.0785
800.317, 0.0783
800.4733, 0.0783
800.6296, 0.0781
800.7859, 0.0781
800.9422, 0.0781
801.0985, 0.0779
801.2548, 0.0779
801.4112, 0.0779
801.5675, 0.0778
801.7238, 0.0778
801.8801, 0.0776
802.0364, 0.0776
802.1927, 0.0776
802.349, 0.0774
802.5053, 0.0774
802.6616, 0.0772
802.8178, 0.0772
802.9742, 0.0772
803.1305, 0.077
803.2868, 0.077
803.4431, 0.077
803.5994, 0.0769
803.7558, 0.0769
803.9121, 0.0767
804.0684, 0.0767
804.2247, 0.0767
804.381, 0.0765
804.5373, 0.0765
804.6936, 0.0763
804.8498, 0.0763
805.0062, 0.0763
805.1625, 0.0762
805.3188, 0.0762
805.4751, 0.0762
805.6314, 0.076
805.7877, 0.076
805.9441, 0.0758
806.1004, 0.0758
806.2567, 0.0758
806.413, 0.0756
806.5693, 0.0756
806.7256, 0.0756
806.8819, 0.0754
807.0382, 0.0754
807.1945, 0.0753
807.3508, 0.0753
807.507, 0.0753
807.6634, 0.0751
807.8197, 0.0751
807.976, 0.0749
808.1324, 0.0749
808.2887, 0.0749
808.445, 0.0747
808.6013, 0.0747
808.7576, 0.0747
808.9139, 0.0746
809.0702, 0.0746
809.2265, 0.0744
809.3828, 0.0744
809.5391, 0.0744
809.6954, 0.0742
809.8517, 0.0742
810.008, 0.074
810.1644, 0.074
810.3207, 0.074
810.4769, 0.0738
810.6333, 0.0738
810.7896, 0.0738
810.9459, 0.0737
811.1022, 0.0737
811.2585, 0.0735
811.4148, 0.0735
811.5711, 0.0735
811.7274, 0.0733
811.8837, 0.0733
812.04, 0.0733
812.1963, 0.0731
812.3527, 0.0731
812.509, 0.073
812.6653, 0.073
812.8216, 0.073
812.9779, 0.0728
813.1342, 0.0728
813.2905, 0.0726
813.4468, 0.0726
813.6031, 0.0726
813.7593, 0.0724
813.9157, 0.0724
814.072, 0.0724
814.2283, 0.0722
814.3847, 0.0722
814.541, 0.0721
814.6973, 0.0721
814.8536, 0.0721
815.0099, 0.0719
815.1662, 0.0719
815.3225, 0.0717
815.4788, 0.0717
815.6351, 0.0717
815.7913, 0.0715
815.9477, 0.0715
816.104, 0.0714
816.2603, 0.0714
816.4166, 0.0714
816.5729, 0.0712
816.7292, 0.0712
816.8856, 0.0712
817.0419, 0.071
817.1982, 0.071
817.3545, 0.0708
817.5108, 0.0708
817.6671, 0.0708
817.8234, 0.0706
817.9797, 0.0706
818.136, 0.0705
818.2923, 0.0705
818.4485, 0.0705
818.6049, 0.0703
818.7612, 0.0703
818.9176, 0.0703
819.0739, 0.0701
819.2302, 0.0701
819.3865, 0.0699
819.5428, 0.0699
819.6991, 0.0699
819.8554, 0.0698
820.0117, 0.0698
820.168, 0.0695
820.3243, 0.0695
820.4806, 0.0695
820.6369, 0.0694
820.7932, 0.0694
820.9495, 0.0692
821.1059, 0.0692
821.2622, 0.0692
821.4184, 0.069
821.5748, 0.069
821.7311, 0.069
821.8874, 0.0689
822.0437, 0.0689
822.2, 0.0687
822.3563, 0.0687
822.5126, 0.0687
822.6689, 0.0685
822.8252, 0.0685
822.9815, 0.0683
823.1379, 0.0683
823.2942, 0.0683
823.4505, 0.0682
823.6068, 0.0682
823.7631, 0.068
823.9194, 0.068
824.0757, 0.068
824.232, 0.0678
824.3883, 0.0678
824.5446, 0.0676
824.7008, 0.0676
824.8572, 0.0676
825.0135, 0.0674
825.1698, 0.0674
825.3262, 0.0674
825.4825, 0.0673
825.6388, 0.0673
825.7951, 0.0671
825.9514, 0.0671
826.1077, 0.0671
826.264, 0.0669
826.4203, 0.0669
826.5766, 0.0667
826.7328, 0.0667
826.8892, 0.0667
827.0455, 0.0666
827.2018, 0.0666
827.358, 0.0664
827.5145, 0.0664
827.6707, 0.0664
827.8271, 0.0662
827.9834, 0.0662
828.1397, 0.066
828.296, 0.066
828.4523, 0.066
828.6086, 0.0658
828.7649, 0.0658
828.9212, 0.0657
829.0775, 0.0657
829.2338, 0.0657
829.3901, 0.0655
829.5464, 0.0655
829.7027, 0.0653
829.8591, 0.0653
830.0154, 0.0653
830.1717, 0.0651
830.328, 0.0651
830.4843, 0.065
830.6406, 0.065
830.7969, 0.065
830.9532, 0.0648
831.1095, 0.0648
831.2658, 0.0646
831.4221, 0.0646
831.5784, 0.0646
831.7347, 0.0644
831.8911, 0.0644
832.0474, 0.0642
832.2037, 0.0642
832.3599, 0.0642
832.5163, 0.0641
832.6726, 0.0641
832.8289, 0.0639
832.9851, 0.0639
833.1415, 0.0639
833.2978, 0.0637
833.4541, 0.0637
833.6104, 0.0635
833.7667, 0.0635
833.923, 0.0635
834.0793, 0.0634
834.2357, 0.0634
834.392, 0.0632
834.5483, 0.0632
834.7046, 0.063
834.8609, 0.063
835.0172, 0.063
835.1735, 0.0628
835.3298, 0.0628
835.4861, 0.0626
835.6423, 0.0626
835.7987, 0.0626
835.955, 0.0625
836.1113, 0.0625
836.2676, 0.0623
836.424, 0.0623
836.5803, 0.0623
836.7366, 0.0621
836.8929, 0.0621
837.0492, 0.0619
837.2055, 0.0619
837.3618, 0.0619
837.5181, 0.0618
837.6743, 0.0618
837.8307, 0.0616
837.987, 0.0616
838.1433, 0.0614
838.2995, 0.0614
838.4559, 0.0614
838.6122, 0.0612
838.7686, 0.0612
838.9249, 0.061
839.0812, 0.061
839.2375, 0.061
839.3938, 0.0609
839.5501, 0.0609
839.7064, 0.0607
839.8627, 0.0607
840.019, 0.0607
840.1753, 0.0605
840.3316, 0.0605
840.4879, 0.0603
840.6442, 0.0603
840.8005, 0.0602
840.9569, 0.0602
841.1132, 0.0602
841.2695, 0.06
841.4258, 0.06
841.5821, 0.0598
841.7384, 0.0598
841.8947, 0.0598
842.051, 0.0596
842.2073, 0.0596
842.3636, 0.0594
842.5199, 0.0594
842.6762, 0.0594
842.8325, 0.0593
842.9888, 0.0593
843.1452, 0.0591
843.3014, 0.0591
843.4578, 0.0589
843.6141, 0.0589
843.7704, 0.0589
843.9266, 0.0587
844.083, 0.0587
844.2393, 0.0586
844.3956, 0.0586
844.5518, 0.0586
844.7082, 0.0584
844.8645, 0.0584
845.0208, 0.0582
845.1771, 0.0582
845.3335, 0.0582
845.4898, 0.058
845.6461, 0.058
845.8024, 0.0578
845.9586, 0.0578
846.115, 0.0577
846.2713, 0.0577
846.4276, 0.0577
846.5838, 0.0575
846.7402, 0.0575
846.8965, 0.0573
847.0528, 0.0573
847.2091, 0.0573
847.3654, 0.0571
847.5218, 0.0571
847.6781, 0.057
847.8344, 0.057
847.9907, 0.0568
848.147, 0.0568
848.3033, 0.0566
848.4596, 0.0566
848.6159, 0.0564
848.7722, 0.0564
848.9285, 0.0562
849.0848, 0.0562
849.2411, 0.0562
849.3974, 0.0561
849.5537, 0.0561
849.71, 0.0559
849.8662, 0.0559
850.0226, 0.0557
850.179, 0.0557
850.3353, 0.0555
850.4916, 0.0555
850.6479, 0.0555
850.8042, 0.0554
850.9605, 0.0554
851.1168, 0.0552
851.2731, 0.0552
851.4294, 0.055
851.5857, 0.055
851.742, 0.0548
851.8982, 0.0548
852.0546, 0.0548
852.2109, 0.0546
852.3673, 0.0546
852.5236, 0.0545
852.6799, 0.0545
852.8362, 0.0543
852.9925, 0.0543
853.1488, 0.0541
853.3051, 0.0541
853.4614, 0.0541
853.6177, 0.0539
853.774, 0.0539
853.9303, 0.0538
854.0866, 0.0538
854.2429, 0.0536
854.3992, 0.0536
854.5556, 0.0536
854.7119, 0.0534
854.8681, 0.0534
855.0245, 0.0532
855.1808, 0.0532
855.3371, 0.053
855.4934, 0.053
855.6497, 0.053
855.806, 0.0529
855.9623, 0.0529
856.1186, 0.0527
856.2749, 0.0527
856.4312, 0.0525
856.5875, 0.0525
856.7438, 0.0525
856.9001, 0.0523
857.0565, 0.0523
857.2128, 0.0522
857.3691, 0.0522
857.5253, 0.052
857.6817, 0.052
857.838, 0.052
857.9943, 0.0518
858.1506, 0.0518
858.3069, 0.0516
858.4632, 0.0516
858.6195, 0.0514
858.7758, 0.0514
858.9321, 0.0514
859.0884, 0.0513
859.2448, 0.0513
859.4011, 0.0511
859.5574, 0.0511
859.7137, 0.0509
859.87, 0.0509
860.0263, 0.0509
860.1826, 0.0507
860.3389, 0.0507
860.4952, 0.0506
860.6515, 0.0506
860.8077, 0.0506
860.9641, 0.0504
861.1204, 0.0504
861.2767, 0.0502
861.433, 0.0502
861.5893, 0.05
861.7457, 0.05
861.902, 0.05
862.0583, 0.0498
862.2146, 0.0498
862.3709, 0.0497
862.5272, 0.0497
862.6835, 0.0497
862.8397, 0.0495
862.9961, 0.0495
863.1524, 0.0493
863.3087, 0.0493
863.465, 0.0493
863.6213, 0.0491
863.7776, 0.0491
863.934, 0.049
864.0903, 0.049
864.2466, 0.0488
864.4029, 0.0488
864.5592, 0.0488
864.7155, 0.0486
864.8718, 0.0486
865.0281, 0.0484
865.1844, 0.0484
865.3407, 0.0484
865.4969, 0.0482
865.6533, 0.0482
865.8096, 0.0481
865.966, 0.0481
866.1223, 0.0481
866.2786, 0.0479
866.4349, 0.0479
866.5912, 0.0477
866.7475, 0.0477
866.9038, 0.0477
867.0601, 0.0475
867.2164, 0.0475
867.3727, 0.0474
867.529, 0.0474
867.6853, 0.0474
867.8416, 0.0472
867.9979, 0.0472
868.1542, 0.047
868.3106, 0.047
868.4668, 0.047
868.6232, 0.0468
868.7795, 0.0468
868.9358, 0.0468
869.0921, 0.0466
869.2484, 0.0466
869.4047, 0.0465
869.561, 0.0465
869.7173, 0.0465
869.8736, 0.0463
870.0299, 0.0463
870.1862, 0.0461
870.3426, 0.0461
870.4989, 0.0461
870.6552, 0.0459
870.8115, 0.0459
870.9678, 0.0458
871.1241, 0.0458
871.2804, 0.0458
871.4367, 0.0456
871.593, 0.0456
871.7492, 0.0456
871.9056, 0.0454
872.0619, 0.0454
872.2182, 0.0452
872.3745, 0.0452
872.5309, 0.0452
872.6872, 0.045
872.8435, 0.045
872.9998, 0.045
873.1561, 0.0449
873.3124, 0.0449
873.4687, 0.0447
873.625, 0.0447
873.7812, 0.0447
873.9376, 0.0445
874.0939, 0.0445
874.2502, 0.0443
874.4064, 0.0443
874.5629, 0.0443
874.7191, 0.0442
874.8755, 0.0442
875.0318, 0.0442
875.1881, 0.044
875.3444, 0.044
875.5007, 0.044
875.657, 0.0438
875.8133, 0.0438
875.9696, 0.0436
876.1259, 0.0436
876.2822, 0.0436
876.4385, 0.0435
876.5948, 0.0435
876.7511, 0.0435
876.9075, 0.0433
877.0638, 0.0433
877.2201, 0.0431
877.3764, 0.0431
877.5327, 0.0431
877.689, 0.0429
877.8453, 0.0429
878.0016, 0.0429
878.1579, 0.0427
878.3142, 0.0427
878.4705, 0.0427
878.6268, 0.0426
878.7831, 0.0426
878.9395, 0.0426
879.0958, 0.0424
879.2521, 0.0424
879.4083, 0.0422
879.5647, 0.0422
879.721, 0.0422
879.8773, 0.042
880.0336, 0.042
880.1899, 0.042
880.3462, 0.0419
880.5025, 0.0419
880.6588, 0.0419
880.8151, 0.0417
880.9715, 0.0417
881.1278, 0.0417
881.2841, 0.0415
881.4404, 0.0415
881.5967, 0.0415
881.753, 0.0413
881.9093, 0.0413
882.0656, 0.0413
882.2219, 0.0411
882.3782, 0.0411
882.5345, 0.0411
882.6907, 0.041
882.8471, 0.041
883.0035, 0.041
883.1598, 0.0408
883.3161, 0.0408
883.4724, 0.0408
883.6287, 0.0406
883.785, 0.0406
883.9413, 0.0406
884.0976, 0.0404
884.2539, 0.0404
884.4102, 0.0404
884.5665, 0.0403
884.7227, 0.0403
884.8792, 0.0403
885.0355, 0.0401
885.1918, 0.0401
885.3481, 0.0401
885.5044, 0.0399
885.6606, 0.0399
885.817, 0.0399
885.9733, 0.0397
886.1296, 0.0397
886.2859, 0.0397
886.4422, 0.0395
886.5985, 0.0395
886.7548, 0.0395
886.9111, 0.0394
887.0675, 0.0394
887.2238, 0.0394
887.3801, 0.0392
887.5364, 0.0392
887.6926, 0.0392
887.849, 0.0392
888.0053, 0.039
888.1616, 0.039
888.3179, 0.039
888.4742, 0.0388
888.6305, 0.0388
888.7868, 0.0388
888.9432, 0.0387
889.0995, 0.0387
889.2558, 0.0387
889.4121, 0.0385
889.5684, 0.0385
889.7247, 0.0385
889.881, 0.0385
890.0373, 0.0383
890.1936, 0.0383
890.3498, 0.0383
890.5062, 0.0381
890.6625, 0.0381
890.8189, 0.0381
890.9752, 0.0379
891.1315, 0.0379
891.2878, 0.0379
891.4441, 0.0379
891.6004, 0.0378
891.7567, 0.0378
891.913, 0.0378
892.0693, 0.0376
892.2256, 0.0376
892.3819, 0.0376
892.5382, 0.0376
892.6945, 0.0374
892.8509, 0.0374
893.0072, 0.0374
893.1635, 0.0374
893.3197, 0.0372
893.4761, 0.0372
893.6324, 0.0372
893.7887, 0.0371
893.9449, 0.0371
894.1013, 0.0371
894.2576, 0.0371
894.4139, 0.0369
894.5702, 0.0369
894.7266, 0.0369
894.8829, 0.0369
895.0392, 0.0367
895.1955, 0.0367
895.3518, 0.0367
895.5081, 0.0367
895.6644, 0.0365
895.8207, 0.0365
895.9769, 0.0365
896.1333, 0.0365
896.2896, 0.0363
896.446, 0.0363
896.6023, 0.0363
896.7586, 0.0363
896.9149, 0.0362
897.0712, 0.0362
897.2275, 0.0362
897.3838, 0.0362
897.5401, 0.036
897.6964, 0.036
897.8527, 0.036
898.009, 0.036
898.1654, 0.036
898.3216, 0.036
898.478, 0.036
898.6343, 0.0358
898.7906, 0.0358
898.9468, 0.0358
899.1032, 0.0358
