#DataThief /Users/oxon/Desktop/Untitled 5.png Thursday 26-Apr-2018 10:29:59 AM
268.8651, 0.1813
269.0215, 0.1815
269.1778, 0.1815
269.3341, 0.1817
269.4904, 0.1817
269.6467, 0.1818
269.803, 0.182
269.9594, 0.1822
270.1157, 0.1824
270.272, 0.1826
270.4283, 0.1826
270.5846, 0.1827
270.741, 0.1829
270.8973, 0.1831
271.0536, 0.1834
271.2099, 0.1836
271.3663, 0.1838
271.5226, 0.184
271.6789, 0.1842
271.8352, 0.1844
271.9916, 0.1847
272.1479, 0.1849
272.3042, 0.1852
272.4605, 0.1856
272.6169, 0.1858
272.7732, 0.1861
272.9295, 0.1865
273.0858, 0.1865
273.2422, 0.187
273.3985, 0.1874
273.5548, 0.1877
273.7112, 0.1881
273.8675, 0.1884
274.0238, 0.1888
274.1802, 0.1891
274.3365, 0.1897
274.4928, 0.19
274.6492, 0.1904
274.8054, 0.1909
274.9618, 0.1914
275.1182, 0.1918
275.2745, 0.1923
275.4309, 0.1929
275.5872, 0.1934
275.7435, 0.1941
275.8999, 0.1945
276.0562, 0.1952
276.2126, 0.1959
276.3689, 0.1966
276.5253, 0.1973
276.6816, 0.198
276.838, 0.1987
276.9943, 0.1994
277.1507, 0.2003
277.307, 0.201
277.4634, 0.2018
277.6197, 0.2025
277.7761, 0.2032
277.9324, 0.2039
278.0888, 0.2046
278.2452, 0.2055
278.4015, 0.2062
278.5579, 0.2069
278.7142, 0.2076
278.8706, 0.2083
279.0269, 0.209
279.1833, 0.2099
279.3396, 0.2106
279.496, 0.2114
279.6522, 0.2121
279.8087, 0.2128
279.9649, 0.2137
280.1214, 0.2144
280.2777, 0.2151
280.4341, 0.2158
280.5904, 0.2167
280.7468, 0.2174
280.9031, 0.2181
281.0594, 0.2187
281.2159, 0.2197
281.3721, 0.2204
281.5286, 0.2211
281.6848, 0.2219
281.8413, 0.2227
281.9976, 0.2235
282.154, 0.2242
282.3103, 0.2251
282.4667, 0.2258
282.623, 0.2265
282.7793, 0.2274
282.9357, 0.2281
283.0921, 0.2288
283.2485, 0.2297
283.4048, 0.2304
283.5612, 0.2311
283.7175, 0.232
283.8739, 0.2327
284.0302, 0.2334
284.1865, 0.2343
284.3429, 0.2349
284.4993, 0.2359
284.6556, 0.2366
284.812, 0.2375
284.9684, 0.2382
285.1247, 0.2391
285.2811, 0.2398
285.4374, 0.2405
285.5937, 0.2414
285.7501, 0.2421
285.9064, 0.2429
286.0629, 0.2439
286.2192, 0.2446
286.3756, 0.2455
286.5319, 0.2462
286.6883, 0.2471
286.8446, 0.2478
287.001, 0.2487
287.1573, 0.2496
287.3136, 0.2503
287.4701, 0.2511
287.6263, 0.2521
287.7828, 0.2528
287.9391, 0.2537
288.0955, 0.2546
288.2519, 0.2555
288.4082, 0.2564
288.5646, 0.257
288.7208, 0.258
288.8773, 0.2588
289.0336, 0.2597
289.19, 0.2606
289.3464, 0.2615
289.5027, 0.2624
289.6591, 0.2633
289.8155, 0.2644
289.9718, 0.2652
290.1282, 0.2661
290.2845, 0.267
290.4409, 0.2681
290.5973, 0.2692
290.7536, 0.27
290.91, 0.2711
291.0664, 0.2722
291.2227, 0.2732
291.3791, 0.2745
291.5354, 0.2757
291.6919, 0.277
291.8483, 0.2784
292.0047, 0.2796
292.1611, 0.2811
292.3174, 0.2823
292.4738, 0.2837
292.6301, 0.285
292.7866, 0.2862
292.943, 0.2876
293.0994, 0.2889
293.2557, 0.2901
293.4121, 0.2913
293.5685, 0.2928
293.7248, 0.2941
293.8813, 0.2953
294.0377, 0.2965
294.194, 0.2978
294.3504, 0.299
294.5068, 0.3005
294.6632, 0.3017
294.8195, 0.3029
294.9759, 0.3042
295.1323, 0.3054
295.2887, 0.3067
295.4451, 0.3079
295.6015, 0.3092
295.7579, 0.3104
295.9142, 0.3117
296.0706, 0.3129
296.227, 0.3141
296.3834, 0.3154
296.5398, 0.3166
296.6961, 0.3179
296.8525, 0.3191
297.0089, 0.3204
297.1653, 0.3216
297.3216, 0.3227
297.478, 0.3239
297.6343, 0.3252
297.7908, 0.3264
297.9472, 0.3277
298.1036, 0.3289
298.2599, 0.33
298.4163, 0.3312
298.5727, 0.3325
298.729, 0.3336
298.8854, 0.3348
299.0418, 0.336
299.1982, 0.3373
299.3546, 0.3383
299.5109, 0.3396
299.6673, 0.3408
299.8237, 0.3418
299.9801, 0.3431
300.1364, 0.3442
300.2928, 0.3454
300.4492, 0.3465
300.6056, 0.3477
300.762, 0.3488
300.9183, 0.3501
301.0747, 0.3511
301.2311, 0.3522
301.3874, 0.3533
301.5438, 0.3545
301.7002, 0.3556
301.8566, 0.3566
302.0129, 0.3577
302.1693, 0.3588
302.3256, 0.3598
302.482, 0.3609
302.6383, 0.362
302.7948, 0.363
302.951, 0.3639
303.1075, 0.365
303.2639, 0.3659
303.4202, 0.3668
303.5766, 0.3677
303.733, 0.3686
303.8893, 0.3693
304.0457, 0.37
304.202, 0.3707
304.3584, 0.3718
304.5148, 0.373
304.6711, 0.374
304.8275, 0.3751
304.9839, 0.3764
305.1403, 0.3775
305.2966, 0.3785
305.453, 0.3796
305.6094, 0.3807
305.7657, 0.3817
305.9221, 0.3828
306.0785, 0.3839
306.2349, 0.3849
306.3912, 0.386
306.5476, 0.3871
306.704, 0.3879
306.8603, 0.389
307.0167, 0.3901
307.1731, 0.391
307.3294, 0.392
307.4858, 0.3931
307.6421, 0.394
307.7985, 0.3951
307.9548, 0.3959
308.1113, 0.397
308.2676, 0.3979
308.424, 0.3988
308.5804, 0.3999
308.7367, 0.4007
308.8931, 0.4016
309.0493, 0.4027
309.2058, 0.4036
309.3622, 0.4045
309.5185, 0.4054
309.6749, 0.4062
309.8312, 0.4072
309.9876, 0.4082
310.144, 0.4091
310.3003, 0.41
310.4567, 0.4109
310.6131, 0.4118
310.7694, 0.4127
310.9258, 0.4136
311.0821, 0.4144
311.2385, 0.4153
311.3949, 0.4162
311.5512, 0.4171
311.7076, 0.418
311.8639, 0.4189
312.0203, 0.4198
312.1767, 0.4208
312.333, 0.4217
312.4894, 0.4228
312.6458, 0.4239
312.8021, 0.4248
312.9585, 0.4258
313.1149, 0.4269
313.2713, 0.428
313.4276, 0.429
313.584, 0.4299
313.7404, 0.431
313.8967, 0.432
314.0531, 0.4331
314.2095, 0.4342
314.3658, 0.4351
314.5222, 0.4361
314.6785, 0.4372
314.8349, 0.4381
314.9912, 0.4392
315.1477, 0.44
315.304, 0.4411
315.4604, 0.442
315.6168, 0.4429
315.7731, 0.4438
315.9295, 0.4447
316.0858, 0.4456
316.2422, 0.4465
316.3986, 0.4473
316.5549, 0.4481
316.7113, 0.4489
316.8676, 0.4497
317.024, 0.4504
317.1803, 0.4513
317.3367, 0.452
317.4929, 0.4527
317.6494, 0.4534
317.8056, 0.4541
317.9621, 0.455
318.1184, 0.4557
318.2748, 0.4564
318.4311, 0.4571
318.5875, 0.4578
318.7439, 0.4586
318.9002, 0.4594
319.0566, 0.4601
319.2129, 0.4607
319.3693, 0.4614
319.5255, 0.4621
319.682, 0.4628
319.8383, 0.4633
319.9946, 0.4641
320.151, 0.4646
320.3073, 0.4653
320.4637, 0.4658
320.62, 0.4664
320.7764, 0.4668
320.9327, 0.4674
321.089, 0.468
321.2454, 0.4685
321.4017, 0.4689
321.5581, 0.4694
321.7144, 0.4699
321.8707, 0.4703
322.0271, 0.4708
322.1834, 0.4712
322.3397, 0.4717
322.4961, 0.4721
322.6524, 0.4724
322.8087, 0.4727
322.9651, 0.4731
323.1214, 0.4735
323.2777, 0.4738
323.4341, 0.4742
323.5904, 0.4745
323.7467, 0.4748
323.903, 0.4751
324.0594, 0.4754
324.2157, 0.4758
324.3719, 0.476
324.5283, 0.4763
324.6846, 0.4765
324.841, 0.4767
324.9973, 0.4769
325.1536, 0.4772
325.31, 0.4774
325.4663, 0.4776
325.6226, 0.4779
325.7789, 0.4781
325.9353, 0.4783
326.0916, 0.4785
326.2479, 0.4786
326.4042, 0.4788
326.5605, 0.479
326.7168, 0.4792
326.8732, 0.4793
327.0295, 0.4795
327.1858, 0.4797
327.3421, 0.4799
327.4985, 0.4801
327.6548, 0.4802
327.8111, 0.4804
327.9674, 0.4806
328.1238, 0.4808
328.2801, 0.4809
328.4364, 0.4809
328.5927, 0.4811
328.749, 0.4813
328.9053, 0.4815
329.0617, 0.4817
329.218, 0.4818
329.3743, 0.482
329.5306, 0.482
329.6869, 0.4822
329.8433, 0.4824
329.9996, 0.4826
330.1559, 0.4827
330.3122, 0.4828
330.4685, 0.483
330.6249, 0.4833
330.7812, 0.4834
330.9375, 0.4836
331.0937, 0.4838
331.2502, 0.484
331.4064, 0.4842
331.5628, 0.4845
331.7191, 0.4847
331.8754, 0.4849
332.0318, 0.4849
332.1881, 0.4852
332.3444, 0.4854
332.5007, 0.4858
332.6571, 0.4861
332.8134, 0.4863
332.9697, 0.4865
333.126, 0.4868
333.2824, 0.487
333.4386, 0.4874
333.595, 0.4875
333.7513, 0.4879
333.9077, 0.4882
334.064, 0.4886
334.2203, 0.4888
334.3767, 0.4891
334.533, 0.4895
334.6893, 0.4898
334.8457, 0.4902
335.002, 0.4906
335.1583, 0.4909
335.3147, 0.4914
335.471, 0.4918
335.6273, 0.4923
335.7837, 0.4927
335.94, 0.4932
336.0963, 0.4938
336.2527, 0.4943
336.409, 0.4948
336.5654, 0.4954
336.7217, 0.4961
336.878, 0.4966
337.0344, 0.4973
337.1908, 0.498
337.3471, 0.4989
337.5034, 0.4996
337.6598, 0.5005
337.8162, 0.5016
337.9726, 0.5026
338.1289, 0.5037
338.2852, 0.505
338.4417, 0.5064
338.5981, 0.508
338.7545, 0.5099
338.911, 0.5121
339.0674, 0.5146
339.2239, 0.5178
339.3804, 0.5211
339.5369, 0.5243
339.6934, 0.5272
339.8498, 0.5304
340.0065, 0.5364
340.1632, 0.5443
340.3197, 0.5485
340.4763, 0.5512
340.6327, 0.5531
340.7891, 0.5547
340.9455, 0.556
341.1018, 0.5572
341.2582, 0.5583
341.4146, 0.5594
341.5709, 0.5603
341.7273, 0.5612
341.8837, 0.5619
342.04, 0.5626
342.1964, 0.5633
342.3527, 0.564
342.5091, 0.5647
342.6654, 0.5652
342.8216, 0.5657
342.9781, 0.5663
343.1344, 0.5668
343.2908, 0.5674
343.4471, 0.5678
343.6034, 0.5684
343.7598, 0.5688
343.9161, 0.5693
344.0724, 0.5697
344.2288, 0.5702
344.3851, 0.5706
344.5413, 0.5709
344.6978, 0.5715
344.854, 0.5718
345.0104, 0.5722
345.1668, 0.5725
345.3231, 0.5729
345.4794, 0.5732
345.6358, 0.5734
345.7921, 0.5737
345.9484, 0.5741
346.1047, 0.5743
346.261, 0.5747
346.4174, 0.575
346.5737, 0.5752
346.7301, 0.5756
346.8864, 0.5756
347.0427, 0.576
347.199, 0.5763
347.3554, 0.5766
347.5117, 0.5768
347.668, 0.577
347.8243, 0.5773
347.9807, 0.5775
348.137, 0.5777
348.2933, 0.5779
348.4496, 0.5782
348.6059, 0.5784
348.7623, 0.5786
348.9186, 0.5788
349.0749, 0.5791
349.2312, 0.5793
349.3876, 0.5795
349.5439, 0.5796
349.7002, 0.5798
349.8565, 0.58
350.0128, 0.5802
350.1692, 0.5804
350.3255, 0.5805
350.4818, 0.5807
350.6381, 0.5809
350.7945, 0.5811
350.9508, 0.5812
351.1071, 0.5814
351.2634, 0.5816
351.4197, 0.5817
351.576, 0.5817
351.7324, 0.5819
351.8887, 0.5821
352.045, 0.5823
352.2013, 0.5823
352.3576, 0.5825
352.514, 0.5827
352.6703, 0.5828
352.8266, 0.583
352.9828, 0.583
353.1392, 0.5832
353.2955, 0.5834
353.4519, 0.5836
353.6082, 0.5836
353.7645, 0.5836
353.9207, 0.5838
354.0771, 0.5838
354.2335, 0.584
354.3898, 0.584
354.5461, 0.5843
354.7024, 0.5844
354.8587, 0.5844
355.0151, 0.5846
355.1714, 0.5846
355.3277, 0.5848
355.484, 0.5848
355.6402, 0.585
355.7966, 0.585
355.9529, 0.5852
356.1093, 0.5852
356.2656, 0.5853
356.4219, 0.5853
356.5782, 0.5855
356.7345, 0.5855
356.8908, 0.5857
357.0472, 0.5857
357.2035, 0.5859
357.3598, 0.5859
357.5161, 0.5859
357.6724, 0.5861
357.8287, 0.5861
357.9851, 0.5862
358.1414, 0.5862
358.2977, 0.5864
358.454, 0.5864
358.6103, 0.5866
358.7666, 0.5866
358.9229, 0.5868
359.0793, 0.5868
359.2356, 0.5869
359.3919, 0.5869
359.5482, 0.5871
359.7045, 0.5871
359.8608, 0.5873
360.0172, 0.5873
360.1735, 0.5875
360.3298, 0.5875
360.4861, 0.5877
360.6423, 0.5877
360.7987, 0.5878
360.955, 0.588
361.1114, 0.588
361.2677, 0.5882
361.424, 0.5882
361.5803, 0.5884
361.7366, 0.5885
361.893, 0.5885
362.0493, 0.5887
362.2056, 0.5889
362.3618, 0.5891
362.5182, 0.5891
362.6745, 0.5893
362.8309, 0.5894
362.9872, 0.5896
363.1435, 0.5897
363.2998, 0.5899
363.4562, 0.5901
363.6125, 0.5903
363.7688, 0.5905
363.9251, 0.5907
364.0814, 0.5909
364.2378, 0.591
364.3941, 0.5914
364.5504, 0.5916
364.7067, 0.5917
364.8631, 0.5918
365.0194, 0.5923
365.1757, 0.5926
365.332, 0.5928
365.4884, 0.5932
365.6447, 0.5935
365.801, 0.5937
365.9574, 0.5941
366.1137, 0.5944
366.27, 0.5948
366.4263, 0.5951
366.5827, 0.5953
366.7389, 0.5957
366.8953, 0.596
367.0517, 0.5964
367.208, 0.5967
367.3643, 0.5971
367.5207, 0.5976
367.677, 0.5979
367.8333, 0.5983
367.9897, 0.5987
368.146, 0.599
368.3023, 0.5994
368.4586, 0.5997
368.615, 0.6002
368.7713, 0.6006
368.9276, 0.601
369.084, 0.6013
369.2403, 0.6017
369.3966, 0.6021
369.553, 0.6024
369.7093, 0.6028
369.8656, 0.6033
370.022, 0.6037
370.1783, 0.604
370.3346, 0.6044
370.491, 0.6047
370.6473, 0.6051
370.8035, 0.6056
370.96, 0.6059
371.1163, 0.6063
371.2726, 0.6067
371.429, 0.6072
371.5853, 0.6076
371.7416, 0.6078
371.898, 0.6085
372.0543, 0.6088
372.2106, 0.6092
372.367, 0.6097
372.5232, 0.6101
372.6797, 0.6106
372.8359, 0.6109
372.9923, 0.6115
373.1487, 0.6118
373.305, 0.6124
373.4613, 0.6127
373.6177, 0.6133
373.774, 0.6138
373.9303, 0.6141
374.0867, 0.6147
374.2429, 0.6152
374.3994, 0.6158
374.5556, 0.616
374.712, 0.6166
374.8683, 0.6172
375.0247, 0.6177
375.1811, 0.6181
375.3374, 0.6188
375.4937, 0.6193
375.6501, 0.6198
375.8064, 0.6204
375.9628, 0.6209
376.1191, 0.6214
376.2755, 0.6221
376.4318, 0.6227
376.588, 0.6232
376.7445, 0.6238
376.9008, 0.6245
377.0572, 0.625
377.2135, 0.6257
377.3699, 0.6261
377.5262, 0.627
377.6825, 0.6277
377.8389, 0.6284
377.9952, 0.6289
378.1516, 0.6296
378.308, 0.6303
378.4643, 0.631
378.6207, 0.6318
378.777, 0.6326
378.9334, 0.6334
379.0897, 0.6341
379.2461, 0.635
379.4024, 0.6358
379.5588, 0.6366
379.7151, 0.6374
379.8715, 0.6383
380.0279, 0.6394
380.1842, 0.6402
380.3406, 0.6414
380.4969, 0.6421
380.6534, 0.6435
380.8096, 0.6446
380.9661, 0.6456
381.1225, 0.6465
381.2788, 0.6472
381.4352, 0.6481
381.5915, 0.6488
381.7479, 0.6494
381.9042, 0.6501
382.0605, 0.6505
382.2169, 0.6513
382.3732, 0.6519
382.5295, 0.6522
382.6859, 0.6526
382.8423, 0.6533
382.9986, 0.6536
383.1549, 0.654
383.3112, 0.6543
383.4676, 0.6547
383.6239, 0.6551
383.7802, 0.6554
383.9365, 0.6558
384.0929, 0.6559
384.2492, 0.6562
384.4055, 0.6564
384.5619, 0.6566
384.7182, 0.6568
384.8745, 0.657
385.0308, 0.6572
385.1871, 0.6574
385.3435, 0.6575
385.4998, 0.6577
385.6561, 0.6577
385.8124, 0.6579
385.9687, 0.6579
386.1251, 0.6581
386.2814, 0.6581
386.4377, 0.6581
386.5939, 0.6581
386.7503, 0.6583
386.9066, 0.6583
387.0629, 0.6583
387.2192, 0.6583
387.3756, 0.6583
387.5319, 0.6583
387.6882, 0.6581
387.8445, 0.6581
388.0008, 0.6581
388.1571, 0.6581
388.3134, 0.6579
388.4697, 0.6579
388.626, 0.6577
388.7823, 0.6577
388.9386, 0.6575
389.0949, 0.6575
389.2511, 0.6574
389.4075, 0.6572
389.5638, 0.6572
389.7201, 0.657
389.8763, 0.6568
390.0328, 0.6566
390.1891, 0.6564
390.3454, 0.6562
390.5017, 0.6561
390.658, 0.6559
390.8143, 0.6558
390.9706, 0.6556
391.1269, 0.6554
391.2832, 0.6552
391.4395, 0.6549
391.5958, 0.6547
391.7521, 0.6545
391.9083, 0.6542
392.0646, 0.654
392.221, 0.654
392.3773, 0.654
392.5335, 0.654
392.6899, 0.6538
392.8462, 0.6538
393.0025, 0.6538
393.1588, 0.6536
393.3151, 0.6536
393.4714, 0.6536
393.6277, 0.6536
393.784, 0.6535
393.9403, 0.6535
394.0967, 0.6535
394.253, 0.6535
394.4093, 0.6535
394.5655, 0.6533
394.7219, 0.6533
394.8782, 0.6533
395.0345, 0.6533
395.1908, 0.6533
395.3471, 0.6533
395.5034, 0.6533
395.6597, 0.6531
395.8161, 0.6531
395.9724, 0.6531
396.1287, 0.6531
396.285, 0.6531
396.4413, 0.6531
396.5976, 0.6531
396.7539, 0.6531
396.9102, 0.6531
397.0665, 0.6531
397.2229, 0.6531
397.3792, 0.6531
397.5354, 0.6531
397.6918, 0.6531
397.8481, 0.6533
398.0044, 0.6533
398.1607, 0.6533
398.317, 0.6533
398.4734, 0.6533
398.6297, 0.6535
398.786, 0.6535
398.9423, 0.6535
399.0986, 0.6536
399.2549, 0.6536
399.4113, 0.6538
399.5676, 0.6538
399.7239, 0.654
399.8801, 0.6542
400.0365, 0.6543
400.1928, 0.6545
400.3492, 0.6547
400.5055, 0.6551
400.6618, 0.6554
400.8182, 0.6559
400.9745, 0.6564
401.1309, 0.657
401.2872, 0.6574
401.4435, 0.6577
401.5998, 0.6579
401.7562, 0.6581
401.9125, 0.6583
402.0688, 0.6583
402.2251, 0.6583
402.3814, 0.6585
402.5377, 0.6585
402.6941, 0.6585
402.8504, 0.6585
403.0067, 0.6585
403.163, 0.6585
403.3193, 0.6585
403.4756, 0.6583
403.6319, 0.6583
403.7882, 0.6583
403.9445, 0.6583
404.1008, 0.6583
404.257, 0.6581
404.4134, 0.6581
404.5697, 0.6579
404.726, 0.6577
404.8824, 0.6577
405.0387, 0.6575
405.195, 0.6574
405.3513, 0.6572
405.5076, 0.657
405.6639, 0.6568
405.8202, 0.6566
405.9765, 0.6564
406.1328, 0.6562
406.2891, 0.6561
406.4454, 0.6559
406.6017, 0.6558
406.758, 0.6556
406.9143, 0.6554
407.0706, 0.6552
407.2269, 0.6549
407.3832, 0.6547
407.5394, 0.6545
407.6958, 0.6543
407.8521, 0.654
408.0084, 0.6538
408.1647, 0.6535
408.321, 0.6533
408.4772, 0.6529
408.6335, 0.6526
408.7898, 0.6526
408.9461, 0.6522
409.1024, 0.652
409.2587, 0.6517
409.415, 0.6515
409.5713, 0.6511
409.7276, 0.651
409.8839, 0.6505
410.0402, 0.6503
410.1965, 0.6501
410.3528, 0.6499
410.5091, 0.6495
410.6654, 0.6492
410.8216, 0.649
410.978, 0.6487
411.1343, 0.6484
411.2906, 0.6481
411.4469, 0.6479
411.6032, 0.6476
411.7595, 0.6472
411.9158, 0.6471
412.0721, 0.6467
412.2284, 0.6465
412.3846, 0.6461
412.5409, 0.646
412.6972, 0.6456
412.8535, 0.6455
413.0098, 0.6451
413.1661, 0.6449
413.3224, 0.6446
413.4787, 0.6444
413.635, 0.644
413.7913, 0.6439
413.9476, 0.6435
414.1039, 0.6433
414.2602, 0.643
414.4165, 0.6428
414.5728, 0.6423
414.729, 0.6423
414.8854, 0.6419
415.0417, 0.6417
415.198, 0.6415
415.3543, 0.6412
415.5106, 0.641
415.6669, 0.6407
415.8232, 0.6404
415.9795, 0.6401
416.1358, 0.6399
416.2921, 0.6398
416.4484, 0.6394
416.6047, 0.6392
416.7609, 0.6389
416.9173, 0.6387
417.0735, 0.6383
417.2298, 0.6381
417.386, 0.638
417.5424, 0.6376
417.6987, 0.6375
417.855, 0.6371
418.0113, 0.6369
418.1676, 0.6366
418.3239, 0.6364
418.4802, 0.6362
418.6364, 0.6359
418.7928, 0.6357
418.9491, 0.6353
419.1054, 0.6351
419.2617, 0.635
419.418, 0.6346
419.5743, 0.6343
419.7306, 0.6341
419.8869, 0.6339
420.0432, 0.6337
420.1995, 0.6334
420.3558, 0.6332
420.5121, 0.6328
420.6684, 0.6327
420.8247, 0.6324
420.9809, 0.632
421.1373, 0.6319
421.2936, 0.6316
421.4499, 0.6314
421.6061, 0.6312
421.7625, 0.6309
421.9188, 0.6307
422.075, 0.6303
422.2313, 0.6301
422.3877, 0.63
422.5439, 0.6296
422.7002, 0.6295
422.8565, 0.6293
423.0128, 0.6289
423.1691, 0.6287
423.3254, 0.6284
423.4817, 0.6282
423.638, 0.628
423.7943, 0.6277
423.9506, 0.6275
424.1069, 0.6271
424.2631, 0.627
424.4195, 0.6268
424.5758, 0.6263
424.7321, 0.6263
424.8883, 0.6259
425.0447, 0.6257
425.201, 0.6255
425.3573, 0.6252
425.5135, 0.625
425.6699, 0.6247
425.8262, 0.6245
425.9825, 0.6242
426.1388, 0.6239
426.2951, 0.6238
426.4514, 0.6234
426.6077, 0.6232
426.764, 0.6231
426.9203, 0.6227
427.0766, 0.6225
427.2328, 0.6221
427.3892, 0.6219
427.5455, 0.6218
427.7018, 0.6215
427.858, 0.6211
428.0143, 0.6207
428.1706, 0.6206
428.3269, 0.6202
428.4832, 0.6199
428.6395, 0.6195
428.7957, 0.6193
428.9521, 0.619
429.1084, 0.6186
429.2647, 0.6183
429.421, 0.6181
429.5773, 0.6177
429.7336, 0.6174
429.8899, 0.617
430.0462, 0.6168
430.2024, 0.6165
430.3587, 0.616
430.515, 0.6158
430.6713, 0.6156
430.8276, 0.6152
430.9839, 0.6149
431.1402, 0.6145
431.2965, 0.6143
431.4527, 0.6139
431.6091, 0.6136
431.7654, 0.6135
431.9217, 0.6131
432.078, 0.6127
432.2343, 0.6124
432.3906, 0.6122
432.5469, 0.6118
432.7031, 0.6115
432.8594, 0.6111
433.0157, 0.611
433.172, 0.6106
433.3283, 0.6103
433.4846, 0.6099
433.6409, 0.6097
433.7972, 0.6094
433.9535, 0.609
434.1098, 0.6087
434.2661, 0.6082
434.4224, 0.608
434.5787, 0.6078
434.7349, 0.6074
434.8913, 0.6071
435.0476, 0.6069
435.2038, 0.6065
435.3601, 0.6061
435.5164, 0.6058
435.6726, 0.6056
435.829, 0.6053
435.9853, 0.6049
436.1416, 0.6046
436.2979, 0.6044
436.4542, 0.604
436.6105, 0.6037
436.7668, 0.6033
436.9231, 0.6031
437.0794, 0.6028
437.2357, 0.6024
437.392, 0.6021
437.5483, 0.6019
437.7045, 0.6015
437.8608, 0.6012
438.0171, 0.6008
438.1734, 0.6006
438.3296, 0.6002
438.486, 0.5998
438.6423, 0.5996
438.7986, 0.5992
438.9548, 0.599
439.1112, 0.5987
439.2675, 0.5983
439.4238, 0.5979
439.58, 0.5977
439.7364, 0.5974
439.8927, 0.5971
440.0489, 0.5967
440.2052, 0.5966
440.3615, 0.5962
440.5178, 0.5958
440.6741, 0.5955
440.8304, 0.5951
440.9867, 0.595
441.143, 0.5946
441.2993, 0.5941
441.4556, 0.5939
441.6118, 0.5937
441.7682, 0.5934
441.9245, 0.593
442.0808, 0.5926
442.2371, 0.5925
442.3934, 0.592
442.5495, 0.5918
442.7059, 0.5914
442.8622, 0.591
443.0185, 0.5909
443.1748, 0.5905
443.3311, 0.5901
443.4874, 0.5897
443.6437, 0.5894
443.8, 0.5893
443.9563, 0.5889
444.1126, 0.5886
444.2689, 0.5882
444.4252, 0.588
444.5815, 0.5877
444.7377, 0.5873
444.894, 0.587
445.0503, 0.5866
445.2066, 0.5864
445.3629, 0.5861
445.5192, 0.5857
445.6755, 0.5854
445.8317, 0.5852
445.9881, 0.5848
446.1444, 0.5845
446.3007, 0.584
446.457, 0.5838
446.6133, 0.5836
446.7696, 0.5832
446.9259, 0.5829
447.0821, 0.5825
447.2384, 0.5822
447.3947, 0.5819
447.551, 0.5816
447.7073, 0.5813
447.8636, 0.5809
448.0199, 0.5806
448.1762, 0.5804
448.3325, 0.58
448.4888, 0.5796
448.6451, 0.5793
448.8014, 0.579
448.9577, 0.5788
449.114, 0.5784
449.2703, 0.5781
449.4264, 0.5777
449.5828, 0.5774
449.7391, 0.5772
449.8954, 0.5768
450.0517, 0.5765
450.208, 0.576
450.3643, 0.5758
450.5206, 0.5756
450.6768, 0.5752
450.8332, 0.5749
450.9895, 0.5745
451.1458, 0.5742
451.3021, 0.5739
451.4584, 0.5735
451.6147, 0.5733
451.7709, 0.5729
451.9272, 0.5726
452.0835, 0.5722
452.2398, 0.572
452.3961, 0.5716
452.5524, 0.5713
452.7086, 0.571
452.865, 0.5706
453.0213, 0.5704
453.1776, 0.5701
453.3338, 0.5697
453.4902, 0.5694
453.6465, 0.569
453.8027, 0.5686
453.959, 0.5685
454.1153, 0.5681
454.2716, 0.5678
454.4279, 0.5674
454.5842, 0.567
454.7405, 0.5667
454.8968, 0.5665
455.0531, 0.5662
455.2094, 0.5657
455.3657, 0.5654
455.522, 0.5651
455.6783, 0.5647
455.8346, 0.5646
455.9909, 0.5642
456.1471, 0.5638
456.3034, 0.5635
456.4597, 0.5631
456.616, 0.5628
456.7723, 0.5624
456.9285, 0.5622
457.0849, 0.5619
457.2412, 0.5615
457.3975, 0.5612
457.5537, 0.5608
457.7101, 0.5605
457.8664, 0.5601
458.0227, 0.5598
458.179, 0.5596
458.3352, 0.5592
458.4915, 0.5589
458.6478, 0.5585
458.8041, 0.5582
458.9604, 0.5577
459.1167, 0.5575
459.273, 0.5573
459.4293, 0.5569
459.5856, 0.5566
459.7419, 0.5562
459.8982, 0.5558
460.0545, 0.5554
460.2107, 0.5551
460.367, 0.5548
460.5232, 0.5546
460.6796, 0.5542
460.8359, 0.5539
460.9922, 0.5535
461.1485, 0.5532
461.3048, 0.5528
461.4611, 0.5525
461.6174, 0.5521
461.7737, 0.5518
461.93, 0.5514
462.0863, 0.5512
462.2426, 0.5509
462.3988, 0.5505
462.5551, 0.5502
462.7114, 0.5497
462.8677, 0.5493
463.024, 0.5491
463.1803, 0.5487
463.3366, 0.5484
463.4929, 0.548
463.6492, 0.5476
463.8054, 0.5473
463.9618, 0.547
464.1179, 0.5466
464.2743, 0.5462
464.4306, 0.5459
464.5869, 0.5455
464.7431, 0.5452
464.8995, 0.5448
465.0558, 0.5445
465.2121, 0.5441
465.3684, 0.5438
465.5247, 0.5434
465.681, 0.543
465.8373, 0.5427
465.9935, 0.5423
466.1498, 0.542
466.3061, 0.5415
466.4624, 0.5413
466.6187, 0.5409
466.775, 0.5406
466.9313, 0.5402
467.0876, 0.5398
467.2439, 0.5393
467.4002, 0.539
467.5564, 0.5386
467.7127, 0.5382
467.869, 0.5377
468.0253, 0.5373
468.1816, 0.537
468.3378, 0.5366
468.4942, 0.5361
468.6505, 0.5358
468.8068, 0.5354
468.963, 0.535
469.1193, 0.5345
469.2756, 0.5342
469.4319, 0.5338
469.5882, 0.5333
469.7445, 0.5329
469.9008, 0.5326
470.0571, 0.5322
470.2134, 0.5318
470.3696, 0.5312
470.5259, 0.531
470.6822, 0.5306
470.8385, 0.5302
470.9948, 0.5297
471.1511, 0.5293
471.3074, 0.529
471.4637, 0.5286
471.6199, 0.5281
471.7762, 0.5276
471.9325, 0.5274
472.0888, 0.527
472.2451, 0.5265
472.4014, 0.5261
472.5577, 0.5258
472.714, 0.5253
472.8702, 0.5249
473.0265, 0.5245
473.1828, 0.5242
473.3391, 0.5238
473.4954, 0.5232
473.6517, 0.5229
473.808, 0.5226
473.9643, 0.5222
474.1206, 0.5217
474.2769, 0.5213
474.4331, 0.521
474.5894, 0.5206
474.7457, 0.5201
474.902, 0.5197
475.0583, 0.5194
475.2146, 0.519
475.3709, 0.5185
475.5272, 0.5181
475.6835, 0.5178
475.8397, 0.5173
475.996, 0.5169
476.1522, 0.5165
476.3086, 0.5162
476.4649, 0.5158
476.6212, 0.5152
476.7774, 0.5149
476.9338, 0.5146
477.0901, 0.5142
477.2463, 0.5137
477.4026, 0.5133
477.5589, 0.513
477.7151, 0.5126
477.8715, 0.5121
478.0278, 0.5117
478.1841, 0.5114
478.3404, 0.511
478.4967, 0.5105
478.6529, 0.5101
478.8092, 0.5098
478.9655, 0.5093
479.1218, 0.5089
479.2781, 0.5085
479.4344, 0.5082
479.5907, 0.5078
479.7469, 0.5072
479.9033, 0.5069
480.0594, 0.5066
480.2158, 0.5062
480.3721, 0.5057
480.5284, 0.5053
480.6846, 0.505
480.841, 0.5046
480.9973, 0.5041
481.1536, 0.5037
481.3099, 0.5034
481.4661, 0.503
481.6223, 0.5025
481.7787, 0.5021
481.935, 0.5018
482.0913, 0.5013
482.2476, 0.5009
482.4039, 0.5005
482.5602, 0.5002
482.7165, 0.4998
482.8727, 0.4993
483.029, 0.4989
483.1853, 0.4986
483.3416, 0.4982
483.4979, 0.4977
483.6542, 0.4973
483.8105, 0.4969
483.9668, 0.4966
484.1231, 0.4963
484.2793, 0.4957
484.4356, 0.4954
484.5918, 0.495
484.7482, 0.4947
484.9045, 0.4941
485.0608, 0.4938
485.2171, 0.4934
485.3734, 0.4931
485.5295, 0.4925
485.6859, 0.4922
485.8422, 0.4918
485.9985, 0.4915
486.1548, 0.4909
486.3111, 0.4906
486.4674, 0.4902
486.6237, 0.4899
486.78, 0.4893
486.9362, 0.4889
487.0925, 0.4886
487.2488, 0.4883
487.4051, 0.4879
487.5614, 0.4874
487.7177, 0.487
487.874, 0.4867
488.0303, 0.4863
488.1865, 0.4858
488.3428, 0.4854
488.499, 0.4851
488.6554, 0.4847
488.8117, 0.4842
488.968, 0.4838
489.1243, 0.4835
489.2806, 0.483
489.4369, 0.4826
489.5932, 0.4822
489.7494, 0.4819
489.9057, 0.4815
490.062, 0.4812
490.2183, 0.4806
490.3746, 0.4803
490.5309, 0.4799
490.6872, 0.4796
490.8435, 0.479
490.9998, 0.4787
491.156, 0.4783
491.3123, 0.478
491.4686, 0.4774
491.6249, 0.4771
491.7812, 0.4767
491.9375, 0.4764
492.0937, 0.476
492.2501, 0.4755
492.4064, 0.4751
492.5627, 0.4748
492.7189, 0.4744
492.8752, 0.4739
493.0315, 0.4735
493.1878, 0.4732
493.3441, 0.4727
493.5004, 0.4723
493.6566, 0.4719
493.813, 0.4716
493.9693, 0.4712
494.1255, 0.4708
494.2818, 0.4703
494.4381, 0.47
494.5944, 0.4696
494.7507, 0.4693
494.907, 0.4687
495.0633, 0.4684
495.2196, 0.468
495.3759, 0.4677
495.5321, 0.4673
495.6884, 0.4668
495.8447, 0.4664
496.001, 0.4661
496.1573, 0.4657
496.3136, 0.4652
496.4699, 0.4647
496.6261, 0.4645
496.7825, 0.4641
496.9386, 0.4637
497.095, 0.4632
497.2513, 0.4628
497.4076, 0.4625
497.5638, 0.4621
497.7202, 0.4616
497.8765, 0.4613
498.0328, 0.4609
498.1891, 0.4605
498.3453, 0.4602
498.5016, 0.4596
498.6579, 0.4593
498.8142, 0.4588
498.9705, 0.4586
499.1268, 0.4582
499.2831, 0.4577
499.4394, 0.4573
499.5957, 0.457
499.7519, 0.4566
499.9082, 0.4563
500.0645, 0.4557
500.2208, 0.4554
500.3771, 0.455
500.5333, 0.4546
500.6897, 0.4541
500.846, 0.4538
501.0023, 0.4534
501.1585, 0.4531
501.3148, 0.4527
501.4711, 0.4522
501.6274, 0.4518
501.7837, 0.4515
501.94, 0.4511
502.0963, 0.4508
502.2526, 0.4502
502.4089, 0.4499
502.5651, 0.4495
502.7214, 0.4492
502.8777, 0.4487
503.034, 0.4483
503.1903, 0.4479
503.3466, 0.4476
503.5029, 0.4472
503.6592, 0.4468
503.8155, 0.4465
503.9718, 0.446
504.128, 0.4456
504.2843, 0.4452
504.4405, 0.4449
504.5969, 0.4445
504.7532, 0.444
504.9095, 0.4436
505.0658, 0.4433
505.2221, 0.4429
505.3784, 0.4426
505.5346, 0.442
505.6909, 0.4417
505.8472, 0.4413
506.0035, 0.441
506.1598, 0.4405
506.3161, 0.4403
506.4724, 0.4397
506.6287, 0.4394
506.785, 0.439
506.9413, 0.4386
507.0975, 0.4383
507.2538, 0.438
507.4101, 0.4376
507.5664, 0.4371
507.7227, 0.4367
507.879, 0.4364
508.0352, 0.436
508.1916, 0.4356
508.3479, 0.4353
508.5042, 0.4349
508.6604, 0.4344
508.8167, 0.434
508.9729, 0.4337
509.1293, 0.4333
509.2856, 0.433
509.4419, 0.4325
509.5981, 0.4323
509.7545, 0.4319
509.9108, 0.4316
510.067, 0.431
510.2233, 0.4307
510.3796, 0.4303
510.5359, 0.43
510.6922, 0.4296
510.8485, 0.4292
511.0048, 0.4289
511.1611, 0.4285
511.3174, 0.4282
511.4737, 0.4278
511.63, 0.4275
511.7863, 0.4273
511.9426, 0.4269
512.0988, 0.4266
512.2551, 0.426
512.4114, 0.4255
512.5676, 0.425
512.724, 0.4243
512.8803, 0.4241
513.0365, 0.4236
513.1928, 0.423
513.3491, 0.4224
513.5053, 0.422
513.6617, 0.4214
513.8178, 0.4209
513.9742, 0.4205
514.1305, 0.42
514.2868, 0.4195
514.4431, 0.4189
514.5994, 0.4184
514.7556, 0.4179
514.9119, 0.4175
515.0682, 0.417
515.2245, 0.4163
515.3808, 0.4159
515.5371, 0.4156
515.6934, 0.415
515.8496, 0.4144
516.0059, 0.414
516.1622, 0.4136
516.3185, 0.4131
516.4748, 0.4125
516.631, 0.412
516.7873, 0.4116
516.9436, 0.4111
517.0999, 0.4106
517.2562, 0.4102
517.4125, 0.4097
517.5688, 0.4092
517.725, 0.4088
517.8813, 0.4083
518.0376, 0.4077
518.1939, 0.4074
518.3502, 0.4068
518.5065, 0.4062
518.6627, 0.406
518.819, 0.4054
518.9752, 0.4049
519.1316, 0.4045
519.2879, 0.404
519.4442, 0.4036
519.6005, 0.4031
519.7567, 0.4026
519.913, 0.4022
520.0693, 0.4017
520.2256, 0.4013
520.3819, 0.4008
520.5382, 0.4003
520.6945, 0.3999
520.8507, 0.3994
521.007, 0.399
521.1633, 0.3985
521.3195, 0.3981
521.4759, 0.3976
521.6322, 0.3972
521.7885, 0.3967
521.9447, 0.3963
522.101, 0.3958
522.2572, 0.3955
522.4136, 0.3949
522.5699, 0.3946
522.7262, 0.394
522.8824, 0.3937
523.0388, 0.3933
523.195, 0.3928
523.3513, 0.3924
523.5076, 0.3919
523.6639, 0.3915
523.8202, 0.391
523.9765, 0.3907
524.1328, 0.3902
524.2891, 0.3898
524.4453, 0.3894
524.6016, 0.3891
524.7579, 0.3885
524.9142, 0.3881
525.0705, 0.3876
525.2268, 0.3873
525.3831, 0.3869
525.5394, 0.3864
525.6956, 0.386
525.8519, 0.3857
526.0082, 0.3851
526.1645, 0.3848
526.3208, 0.3844
526.4771, 0.3839
526.6334, 0.3835
526.7896, 0.3832
526.946, 0.3828
527.1022, 0.3822
527.2585, 0.3819
527.4148, 0.3816
527.5711, 0.3812
527.7274, 0.3807
527.8837, 0.3803
528.04, 0.38
528.1963, 0.3796
528.3525, 0.3791
528.5088, 0.3787
528.6651, 0.3784
528.8214, 0.378
528.9777, 0.3777
529.134, 0.3771
529.2903, 0.3768
529.4466, 0.3764
529.6029, 0.3761
529.7591, 0.3757
529.9154, 0.3754
530.0717, 0.3748
530.228, 0.3745
530.3843, 0.374
530.5406, 0.3738
530.6968, 0.3734
530.8532, 0.3731
531.0095, 0.3727
531.1658, 0.3721
531.322, 0.3718
531.4783, 0.3715
531.6346, 0.3711
531.7909, 0.3707
531.9472, 0.3704
532.1035, 0.37
532.2598, 0.3697
532.4161, 0.3693
532.5724, 0.369
532.7287, 0.3686
532.885, 0.3683
533.0412, 0.3679
533.1975, 0.3675
533.3538, 0.3672
533.5101, 0.3668
533.6663, 0.3665
533.8227, 0.366
533.979, 0.3658
534.1353, 0.3654
534.2916, 0.3651
534.4479, 0.3647
534.6042, 0.3643
534.7605, 0.3639
534.9167, 0.3636
535.073, 0.3633
535.2293, 0.3629
535.3856, 0.3626
535.5419, 0.3622
535.6982, 0.3618
535.8545, 0.3615
536.0108, 0.3611
536.1671, 0.3608
536.3234, 0.3604
536.4797, 0.3601
536.6359, 0.3597
536.7922, 0.3594
536.9485, 0.3592
537.1048, 0.3588
537.261, 0.3585
537.4174, 0.358
537.5737, 0.3578
537.73, 0.3574
537.8862, 0.3571
538.0426, 0.3567
538.1989, 0.3565
538.3552, 0.3562
538.5114, 0.3558
538.6678, 0.3555
538.8239, 0.3551
538.9803, 0.3547
539.1366, 0.3546
539.2929, 0.3542
539.4492, 0.3538
539.6055, 0.3535
539.7618, 0.3531
539.9181, 0.353
540.0744, 0.3526
540.2307, 0.3523
540.387, 0.3519
540.5433, 0.3515
540.6996, 0.3514
540.8559, 0.351
541.0122, 0.3507
541.1684, 0.3503
541.3247, 0.3501
541.4809, 0.3498
541.6373, 0.3494
541.7936, 0.3491
541.9499, 0.3489
542.1062, 0.3485
542.2625, 0.3482
542.4188, 0.3479
542.5751, 0.3476
542.7314, 0.3475
542.8877, 0.3471
543.044, 0.3467
543.2003, 0.3466
543.3566, 0.3462
543.5129, 0.346
543.6692, 0.3457
543.8255, 0.3455
543.9818, 0.3451
544.1381, 0.345
544.2943, 0.3446
544.4506, 0.3444
544.6069, 0.3443
544.7631, 0.3439
544.9195, 0.3437
545.0758, 0.3435
545.2321, 0.3432
545.3884, 0.343
545.5447, 0.3428
545.701, 0.3425
545.8573, 0.3423
546.0136, 0.3421
546.1699, 0.3418
546.3262, 0.3416
546.4825, 0.3414
546.6388, 0.3412
546.7951, 0.3409
546.9514, 0.3407
547.1077, 0.3405
547.264, 0.3403
547.4203, 0.3402
547.5766, 0.3397
547.7328, 0.3396
547.8892, 0.3395
548.0455, 0.3393
548.2018, 0.3391
548.358, 0.3387
548.5144, 0.3386
548.6707, 0.3384
548.827, 0.3382
548.9832, 0.338
549.1396, 0.3378
549.2959, 0.3377
549.4522, 0.3375
549.6085, 0.3371
549.7648, 0.337
549.9211, 0.3368
550.0774, 0.3366
550.2337, 0.3364
550.39, 0.3363
550.5463, 0.3361
550.7026, 0.3359
550.8589, 0.3357
551.0152, 0.3355
551.1715, 0.3354
551.3277, 0.3352
551.4841, 0.3348
551.6404, 0.3347
551.7967, 0.3345
551.9529, 0.3343
552.1093, 0.3341
552.2656, 0.3338
552.4219, 0.3338
552.5782, 0.3336
552.7345, 0.3334
552.8908, 0.3332
553.0471, 0.3332
553.2034, 0.3331
553.3597, 0.3329
553.516, 0.3327
553.6723, 0.3325
553.8286, 0.3323
553.9849, 0.3322
554.1412, 0.332
554.2974, 0.3317
554.4538, 0.3316
554.6101, 0.3315
554.7664, 0.3313
554.9226, 0.3311
555.079, 0.3309
555.2353, 0.3307
555.3916, 0.3306
555.5479, 0.3304
555.7042, 0.3302
555.8605, 0.33
556.0169, 0.3299
556.1732, 0.3296
556.3295, 0.3295
556.4858, 0.3293
556.6421, 0.3291
556.7983, 0.3288
556.9546, 0.3286
557.1109, 0.3284
557.2673, 0.3284
557.4236, 0.3283
557.5798, 0.3281
557.7362, 0.3279
557.8925, 0.3277
558.0488, 0.3275
558.2051, 0.3274
558.3614, 0.3272
558.5177, 0.327
558.674, 0.3268
558.8303, 0.3267
558.9866, 0.3265
559.1429, 0.3265
559.2992, 0.3263
559.4555, 0.3261
559.6118, 0.3259
559.7681, 0.3258
559.9243, 0.3256
560.0807, 0.3254
560.237, 0.3252
560.3933, 0.3251
560.5495, 0.3249
560.7059, 0.3247
560.8622, 0.3245
561.0185, 0.3243
561.1748, 0.3242
561.3311, 0.324
561.4874, 0.3237
561.6437, 0.3235
561.8, 0.3235
561.9563, 0.3235
562.1126, 0.3233
562.2689, 0.3231
562.4252, 0.3229
562.5815, 0.3227
562.7378, 0.3226
562.8941, 0.3224
563.0504, 0.3222
563.2067, 0.322
563.363, 0.3219
563.5192, 0.3216
563.6756, 0.3215
563.8319, 0.3213
563.9882, 0.3211
564.1445, 0.321
564.3008, 0.3208
564.4571, 0.3206
564.6134, 0.3206
564.7697, 0.3204
564.926, 0.3203
565.0823, 0.3201
565.2386, 0.3199
565.3949, 0.3197
565.5512, 0.3195
565.7076, 0.3194
565.8639, 0.3192
566.0202, 0.319
566.1764, 0.3188
566.3328, 0.3187
566.4891, 0.3185
566.6454, 0.3183
566.8016, 0.3181
566.958, 0.3179
567.1143, 0.3178
567.2706, 0.3176
567.4269, 0.3174
567.5832, 0.3172
567.7395, 0.3171
567.8958, 0.3169
568.0521, 0.3167
568.2084, 0.3165
568.3647, 0.3163
568.521, 0.3162
568.6773, 0.316
568.8336, 0.3158
568.9899, 0.3155
569.1461, 0.3155
569.3025, 0.3153
569.4588, 0.3151
569.6151, 0.3149
569.7713, 0.3147
569.9277, 0.3146
570.084, 0.3144
570.2403, 0.3142
570.3966, 0.314
570.5529, 0.3139
570.7092, 0.3136
570.8655, 0.3135
571.0218, 0.3133
571.1781, 0.3131
571.3344, 0.313
571.4907, 0.3128
571.647, 0.3126
571.8033, 0.3124
571.9596, 0.3123
572.1159, 0.3121
572.2722, 0.3117
572.4285, 0.3115
572.5848, 0.3114
572.741, 0.3112
572.8974, 0.311
573.0537, 0.3108
573.21, 0.3107
573.3663, 0.3105
573.5226, 0.3103
573.6789, 0.3101
573.8352, 0.3099
573.9915, 0.3098
574.1478, 0.3096
574.3041, 0.3092
574.4604, 0.3091
574.6167, 0.3089
574.773, 0.3087
574.9293, 0.3085
575.0856, 0.3083
575.2419, 0.308
575.3982, 0.3078
575.5545, 0.3078
575.7107, 0.3075
575.8671, 0.3075
576.0234, 0.3073
576.1797, 0.3071
576.336, 0.3067
576.4923, 0.3066
576.6486, 0.3064
576.8049, 0.3062
576.9612, 0.306
577.1175, 0.3059
577.2738, 0.3057
577.4301, 0.3053
577.5864, 0.3051
577.7427, 0.305
577.899, 0.305
578.0553, 0.3048
578.2116, 0.3046
578.3679, 0.3044
578.5242, 0.3043
578.6804, 0.3041
578.8368, 0.3039
578.9931, 0.3037
579.1494, 0.3035
579.3057, 0.3034
579.462, 0.3032
579.6183, 0.303
579.7746, 0.3028
579.9308, 0.3027
580.0872, 0.3025
580.2435, 0.3023
580.3998, 0.3021
580.5561, 0.3019
580.7124, 0.3018
580.8687, 0.3016
581.025, 0.3014
581.1813, 0.3012
581.3376, 0.3011
581.4939, 0.3009
581.6502, 0.3005
581.8065, 0.3003
581.9628, 0.3003
582.1191, 0.3002
582.2753, 0.3
582.4317, 0.2998
582.588, 0.2995
582.7443, 0.2993
582.9007, 0.2995
583.057, 0.2993
583.2133, 0.2991
583.3696, 0.2989
583.5259, 0.2987
583.6822, 0.2986
583.8385, 0.2984
583.9948, 0.2982
584.1511, 0.2982
584.3074, 0.298
584.4637, 0.2978
584.62, 0.2977
584.7763, 0.2974
584.9325, 0.2973
585.0889, 0.2973
585.2452, 0.2971
585.4015, 0.297
585.5577, 0.2968
585.7141, 0.2968
585.8704, 0.2966
586.0267, 0.2964
586.183, 0.2962
586.3393, 0.2961
586.4956, 0.2961
586.6519, 0.2959
586.8082, 0.2957
586.9645, 0.2957
587.1208, 0.2955
587.2771, 0.2953
587.4334, 0.2952
587.5897, 0.2952
587.7461, 0.295
587.9024, 0.2948
588.0587, 0.2948
588.215, 0.2946
588.3713, 0.2945
588.5276, 0.2945
588.6839, 0.2943
588.8401, 0.2941
588.9965, 0.2941
589.1528, 0.2939
589.3091, 0.2939
589.4654, 0.2938
589.6217, 0.2936
589.778, 0.2936
589.9343, 0.2934
590.0906, 0.2934
590.2469, 0.2932
590.4032, 0.2932
590.5594, 0.2931
590.7158, 0.2929
590.8721, 0.2929
591.0285, 0.2927
591.1848, 0.2927
591.3411, 0.2925
591.4974, 0.2925
591.6537, 0.2923
591.81, 0.2923
591.9663, 0.2922
592.1226, 0.2922
592.2789, 0.292
592.4352, 0.292
592.5915, 0.2918
592.7478, 0.2918
592.9041, 0.2918
593.0604, 0.2916
593.2167, 0.2916
593.3731, 0.2915
593.5293, 0.2915
593.6857, 0.2913
593.842, 0.2913
593.9983, 0.2911
594.1546, 0.2911
594.3109, 0.2909
594.4672, 0.2909
594.6235, 0.2907
594.7798, 0.2907
594.9361, 0.2906
595.0924, 0.2906
595.2487, 0.2904
595.405, 0.2904
595.5613, 0.2902
595.7176, 0.29
595.8739, 0.29
596.0302, 0.2899
596.1865, 0.2899
596.3429, 0.2897
596.4992, 0.2897
596.6555, 0.2894
596.8117, 0.2894
596.9681, 0.2893
597.1244, 0.2893
597.2807, 0.2891
597.437, 0.2891
597.5933, 0.289
597.7496, 0.2888
597.9059, 0.2888
598.0622, 0.2886
598.2185, 0.2886
598.3748, 0.2884
598.5311, 0.2884
598.6874, 0.2883
598.8437, 0.2883
599.0001, 0.2881
599.1564, 0.2879
599.3127, 0.2879
599.4689, 0.2877
599.6253, 0.2877
599.7816, 0.2875
599.9379, 0.2875
600.0942, 0.2873
600.2505, 0.2872
600.4068, 0.2872
600.5631, 0.287
600.7194, 0.287
600.8757, 0.2868
601.032, 0.2868
601.1883, 0.2867
601.3446, 0.2865
601.5009, 0.2865
601.6572, 0.2863
601.8136, 0.2863
601.9699, 0.2861
602.1262, 0.2861
602.2825, 0.2859
602.4388, 0.2859
602.5951, 0.2858
602.7513, 0.2856
602.9077, 0.2856
603.064, 0.2854
603.2203, 0.2854
603.3766, 0.2852
603.5329, 0.2852
603.6892, 0.2851
603.8455, 0.2849
604.0018, 0.2849
604.1581, 0.2847
604.3144, 0.2847
604.4707, 0.2845
604.6271, 0.2845
604.7833, 0.2843
604.9397, 0.2843
605.096, 0.2842
605.2523, 0.2842
605.4086, 0.284
605.5649, 0.2838
605.7212, 0.2838
605.8775, 0.2836
606.0338, 0.2836
606.1901, 0.2835
606.3464, 0.2835
606.5027, 0.2833
606.659, 0.2833
606.8153, 0.2831
606.9716, 0.2831
607.1279, 0.2829
607.2843, 0.2829
607.4405, 0.2827
607.5969, 0.2827
607.7532, 0.2826
607.9095, 0.2826
608.0658, 0.2824
608.2221, 0.2824
608.3784, 0.2822
608.5347, 0.2822
608.6909, 0.282
608.8473, 0.282
609.0036, 0.2819
609.1599, 0.2819
609.3162, 0.2817
609.4725, 0.2817
609.6288, 0.2814
609.7852, 0.2814
609.9415, 0.2812
610.0977, 0.2812
610.2541, 0.2811
610.4104, 0.2811
610.5667, 0.281
610.7229, 0.281
610.8793, 0.281
611.0356, 0.2808
611.1919, 0.2808
611.3482, 0.2806
611.5045, 0.2806
611.6608, 0.2804
611.8171, 0.2804
611.9735, 0.2804
612.1298, 0.2803
612.2861, 0.2803
612.4424, 0.2801
612.5987, 0.2801
612.755, 0.2801
612.9113, 0.2799
613.0676, 0.2799
613.2239, 0.2797
613.3801, 0.2797
613.5365, 0.2797
613.6928, 0.2795
613.8491, 0.2795
614.0054, 0.2793
614.1617, 0.2793
614.3181, 0.2793
614.4744, 0.2792
614.6307, 0.2792
614.787, 0.279
614.9433, 0.279
615.0996, 0.279
615.2559, 0.2788
615.4122, 0.2788
615.5685, 0.2787
615.7248, 0.2787
615.8811, 0.2785
616.0374, 0.2785
616.1937, 0.2783
616.35, 0.2783
616.5063, 0.2781
616.6627, 0.2781
616.819, 0.2779
616.9752, 0.2779
617.1316, 0.2778
617.2879, 0.2778
617.4442, 0.2776
617.6005, 0.2776
617.7568, 0.2774
617.9131, 0.2774
618.0694, 0.2772
618.2257, 0.2772
618.382, 0.2771
618.5383, 0.2769
618.6945, 0.2769
618.8509, 0.2767
619.0072, 0.2767
619.1635, 0.2765
619.3197, 0.2763
619.4762, 0.2763
619.6324, 0.2762
619.7888, 0.276
619.9451, 0.2758
620.1014, 0.2758
620.2577, 0.2756
620.414, 0.2755
620.5703, 0.2755
620.7266, 0.2753
620.8829, 0.2751
621.0392, 0.2749
621.1955, 0.2747
621.3518, 0.2747
621.5081, 0.2746
621.6644, 0.2744
621.8207, 0.2742
621.9769, 0.274
622.1333, 0.2739
622.2896, 0.2737
622.4459, 0.2735
622.6021, 0.2732
622.7585, 0.2731
622.9148, 0.273
623.0711, 0.2728
623.2274, 0.2726
623.3837, 0.2724
623.54, 0.2723
623.6963, 0.2719
623.8526, 0.2717
624.0089, 0.2715
624.1652, 0.2713
624.3215, 0.271
624.4778, 0.2708
624.6341, 0.2705
624.7904, 0.2703
624.9466, 0.2699
625.103, 0.2698
625.2593, 0.2694
625.4156, 0.2692
625.5718, 0.2689
625.7282, 0.2687
625.8845, 0.2683
626.0408, 0.268
626.197, 0.2676
626.3533, 0.2673
626.5096, 0.2669
626.6659, 0.2666
626.8222, 0.2662
626.9785, 0.2659
627.1348, 0.2655
627.2911, 0.265
627.4474, 0.2646
627.6036, 0.2641
627.7599, 0.2635
627.9162, 0.263
628.0725, 0.2627
628.2288, 0.2621
628.3851, 0.2616
628.5413, 0.261
628.6976, 0.2605
628.8538, 0.26
629.0102, 0.2595
629.1665, 0.2589
629.3227, 0.2584
629.479, 0.2578
629.6353, 0.2572
629.7915, 0.2568
629.9479, 0.2562
630.1042, 0.2557
630.2604, 0.2551
630.4167, 0.2546
630.573, 0.2541
630.7292, 0.2536
630.8856, 0.253
631.0418, 0.2525
631.1981, 0.252
631.3544, 0.2514
631.5107, 0.2509
631.667, 0.2504
631.8232, 0.2498
631.9795, 0.2493
632.1358, 0.2488
632.2921, 0.2482
632.4484, 0.2477
632.6047, 0.2472
632.7609, 0.2466
632.9172, 0.2461
633.0735, 0.2456
633.2298, 0.245
633.386, 0.2445
633.5423, 0.244
633.6985, 0.2434
633.8549, 0.2429
634.0112, 0.2424
634.1675, 0.2418
634.3237, 0.2413
634.48, 0.2408
634.6362, 0.2402
634.7926, 0.2397
634.9489, 0.2392
635.1052, 0.2386
635.2614, 0.2381
635.4177, 0.2376
635.5739, 0.237
635.7303, 0.2365
635.8866, 0.236
636.0428, 0.2354
636.1991, 0.2349
636.3554, 0.2344
636.5117, 0.2338
636.668, 0.2333
636.8242, 0.2328
636.9805, 0.2322
637.1368, 0.2317
637.2931, 0.2312
637.4494, 0.2308
637.6057, 0.2303
637.7619, 0.2298
637.9182, 0.2292
638.0745, 0.2287
638.2308, 0.2282
638.3871, 0.2276
638.5434, 0.2271
638.6996, 0.2266
638.8559, 0.226
639.0122, 0.2255
639.1685, 0.225
639.3248, 0.2244
639.4809, 0.2239
639.6373, 0.2234
639.7936, 0.2227
639.9499, 0.2223
640.1062, 0.2218
640.2624, 0.2212
640.4187, 0.2207
640.575, 0.2202
640.7313, 0.2196
640.8876, 0.2191
641.0439, 0.2187
641.2002, 0.2184
641.3564, 0.218
641.5127, 0.2177
641.669, 0.2173
641.8253, 0.217
641.9816, 0.2166
642.1379, 0.2162
642.2942, 0.2159
642.4505, 0.2155
642.6068, 0.2152
642.7631, 0.215
642.9194, 0.2146
643.0757, 0.2143
643.232, 0.2139
643.3881, 0.2136
643.5445, 0.2132
643.7008, 0.2129
643.8571, 0.2125
644.0134, 0.2123
644.1697, 0.212
644.326, 0.2116
644.4823, 0.2113
644.6385, 0.2109
644.7949, 0.2107
644.9512, 0.2104
645.1075, 0.21
645.2638, 0.2097
645.4201, 0.2095
645.5763, 0.2091
645.7326, 0.2088
645.8889, 0.2086
646.0452, 0.2082
646.2015, 0.2079
646.3578, 0.2075
646.5141, 0.2074
646.6703, 0.207
646.8267, 0.2066
646.983, 0.2065
647.1393, 0.2061
647.2955, 0.2058
647.4519, 0.2056
647.6082, 0.2052
647.7645, 0.205
647.9207, 0.2046
648.0771, 0.2043
648.2334, 0.2042
648.3896, 0.2038
648.546, 0.2036
648.7022, 0.2033
648.8585, 0.2031
649.0148, 0.2027
649.1711, 0.2026
649.3274, 0.2022
649.4837, 0.2018
649.64, 0.2017
649.7963, 0.2013
649.9526, 0.2011
650.1089, 0.2008
650.2652, 0.2006
650.4215, 0.2002
650.5777, 0.2001
650.7341, 0.1999
650.8904, 0.1995
651.0467, 0.1994
651.203, 0.199
651.3593, 0.1988
651.5156, 0.1985
651.6719, 0.1983
651.8282, 0.1981
651.9845, 0.1978
652.1408, 0.1976
652.2971, 0.1972
652.4534, 0.197
652.6097, 0.1969
652.766, 0.1965
652.9223, 0.1963
653.0786, 0.1962
653.2348, 0.1958
653.3911, 0.1956
653.5474, 0.1954
653.7037, 0.1951
653.8599, 0.1949
654.0163, 0.1947
654.1726, 0.1944
654.3289, 0.1942
654.4852, 0.194
654.6415, 0.1937
654.7978, 0.1935
654.9541, 0.1933
655.1104, 0.1931
655.2667, 0.1928
655.423, 0.1926
655.5793, 0.1924
655.7356, 0.1922
655.8919, 0.1921
656.0482, 0.1917
656.2045, 0.1915
656.3608, 0.1914
656.5171, 0.1912
656.6734, 0.191
656.8296, 0.1908
656.986, 0.1905
657.1423, 0.1903
657.2986, 0.1901
657.4549, 0.1899
657.6112, 0.1897
657.7675, 0.1896
657.9238, 0.1894
658.0801, 0.189
658.2364, 0.1889
658.3927, 0.1887
658.549, 0.1885
658.7053, 0.1883
658.8616, 0.1881
659.0179, 0.188
659.1742, 0.1878
659.3305, 0.1876
659.4868, 0.1874
659.6431, 0.1873
659.7993, 0.1871
659.9557, 0.1869
660.112, 0.1867
660.2683, 0.1865
660.4245, 0.1864
660.5809, 0.1862
660.7372, 0.1862
660.8935, 0.186
661.0498, 0.1858
661.2061, 0.1857
661.3624, 0.1855
661.5187, 0.1853
661.675, 0.1851
661.8313, 0.1849
661.9876, 0.1848
662.144, 0.1846
662.3003, 0.1844
662.4566, 0.1842
662.6129, 0.1842
662.7692, 0.1841
662.9255, 0.1839
663.0818, 0.1837
663.2381, 0.1835
663.3944, 0.1833
663.5507, 0.1833
663.7069, 0.1832
663.8633, 0.183
664.0196, 0.1828
664.1759, 0.1826
664.3322, 0.1826
664.4885, 0.1825
664.6448, 0.1823
664.8011, 0.1821
664.9574, 0.1821
665.1137, 0.1819
665.27, 0.1817
665.4263, 0.1816
665.5826, 0.1816
665.7389, 0.1814
665.8952, 0.1812
666.0515, 0.1812
666.2078, 0.181
666.3641, 0.1809
666.5205, 0.1809
666.6768, 0.1807
666.8331, 0.1804
666.9893, 0.1804
667.1457, 0.1803
667.302, 0.1801
667.4583, 0.1801
667.6146, 0.18
667.7709, 0.18
667.9272, 0.1798
668.0835, 0.1796
668.2398, 0.1796
668.3961, 0.1794
668.5524, 0.1794
668.7086, 0.1793
668.865, 0.1793
669.0213, 0.1791
669.1776, 0.1791
669.3338, 0.1789
669.4903, 0.1789
669.6465, 0.1787
669.8029, 0.1787
669.9592, 0.1785
670.1155, 0.1785
670.2718, 0.1784
670.4281, 0.1784
670.5844, 0.1784
670.7407, 0.1782
670.897, 0.178
671.0533, 0.178
671.2096, 0.1778
671.3659, 0.1777
671.5222, 0.1777
671.6785, 0.1775
671.8348, 0.1773
671.991, 0.1773
672.1474, 0.1771
672.3037, 0.1769
672.4601, 0.1769
672.6164, 0.1768
672.7727, 0.1766
672.929, 0.1766
673.0853, 0.1764
673.2416, 0.1762
673.3979, 0.1762
673.5542, 0.1761
673.7105, 0.1759
673.8668, 0.1759
674.0231, 0.1757
674.1794, 0.1755
674.3357, 0.1753
674.492, 0.1753
674.6482, 0.1752
674.8046, 0.175
674.9609, 0.175
675.1172, 0.1748
675.2735, 0.1746
675.4298, 0.1746
675.5861, 0.1745
675.7424, 0.1743
675.8987, 0.1743
676.055, 0.1741
676.2114, 0.1739
676.3677, 0.1739
676.524, 0.1738
676.6803, 0.1736
676.8366, 0.1736
676.9929, 0.1734
677.1492, 0.1732
677.3054, 0.1732
677.4618, 0.173
677.6181, 0.1729
677.7744, 0.1729
677.9306, 0.1727
678.087, 0.1724
678.2433, 0.1723
678.3996, 0.1723
678.5558, 0.1722
678.7122, 0.172
678.8685, 0.172
679.0248, 0.1718
679.1811, 0.1716
679.3374, 0.1716
679.4937, 0.1714
679.65, 0.1713
679.8064, 0.1713
679.9627, 0.1711
680.119, 0.1709
680.2753, 0.1709
680.4316, 0.1707
680.5878, 0.1706
680.7442, 0.1706
680.9005, 0.1703
681.0568, 0.1702
681.2131, 0.1702
681.3694, 0.17
681.5257, 0.1698
681.682, 0.1698
681.8383, 0.1697
681.9946, 0.1695
682.1509, 0.1693
682.3072, 0.1693
682.4635, 0.1691
682.6198, 0.169
682.7761, 0.169
682.9324, 0.1688
683.0887, 0.1686
683.2451, 0.1686
683.4014, 0.1684
683.5577, 0.1682
683.714, 0.1682
683.8702, 0.1681
684.0266, 0.1679
684.1829, 0.1679
684.3392, 0.1677
684.4955, 0.1675
684.6518, 0.1675
684.8081, 0.1674
684.9644, 0.1672
685.1207, 0.1672
685.277, 0.167
685.4333, 0.1668
685.5896, 0.1668
685.7459, 0.1666
685.9022, 0.1665
686.0585, 0.1663
686.2147, 0.1663
686.3711, 0.1661
686.5274, 0.1659
686.6837, 0.1659
686.8399, 0.1658
686.9963, 0.1656
687.1527, 0.1656
687.309, 0.1654
687.4653, 0.1652
687.6216, 0.1652
687.7779, 0.165
687.9342, 0.1649
688.0905, 0.1649
688.2468, 0.1647
688.4031, 0.1645
688.5594, 0.1645
688.7157, 0.1643
688.8719, 0.1642
689.0283, 0.1642
689.1846, 0.164
689.3409, 0.1638
689.4971, 0.1638
689.6535, 0.1636
689.8098, 0.1634
689.9661, 0.1633
690.1224, 0.1633
690.2787, 0.1631
690.435, 0.1629
690.5914, 0.1629
690.7477, 0.1627
690.904, 0.1626
691.0603, 0.1626
691.2166, 0.1623
691.3729, 0.1622
691.5292, 0.1622
691.6855, 0.162
691.8418, 0.1618
691.9981, 0.1618
692.1544, 0.1617
692.3107, 0.1615
692.467, 0.1615
692.6233, 0.1613
692.7795, 0.1611
692.9359, 0.1611
693.0922, 0.161
693.2485, 0.1608
693.4048, 0.1608
693.5611, 0.1606
693.7174, 0.1604
693.8737, 0.1602
694.03, 0.1602
694.1863, 0.1601
694.3426, 0.1599
694.499, 0.1599
694.6553, 0.1597
694.8115, 0.1595
694.9679, 0.1595
695.1242, 0.1594
695.2805, 0.1592
695.4368, 0.1592
695.5931, 0.159
695.7494, 0.1588
695.9057, 0.1588
696.062, 0.1586
696.2183, 0.1585
696.3746, 0.1585
696.5309, 0.1583
696.6872, 0.1581
696.8435, 0.1581
696.9998, 0.1579
697.1561, 0.1578
697.3124, 0.1578
697.4687, 0.1576
697.625, 0.1574
697.7812, 0.1572
697.9377, 0.1572
698.094, 0.157
698.2503, 0.1569
698.4066, 0.1569
698.5629, 0.1567
698.7191, 0.1565
698.8755, 0.1565
699.0318, 0.1562
699.1881, 0.1562
699.3444, 0.1562
699.5007, 0.156
699.657, 0.1558
699.8133, 0.1558
699.9696, 0.1556
700.1259, 0.1554
700.2822, 0.1554
700.4385, 0.1553
700.5948, 0.1551
700.7511, 0.1551
700.9074, 0.1549
701.0637, 0.1547
701.22, 0.1547
701.3763, 0.1546
701.5327, 0.1544
701.689, 0.1542
701.8453, 0.1542
702.0016, 0.154
702.1579, 0.1538
702.3142, 0.1538
702.4705, 0.1537
702.6268, 0.1535
702.7831, 0.1535
702.9394, 0.1533
703.0957, 0.1531
703.252, 0.1531
703.4083, 0.153
703.5646, 0.1528
703.7208, 0.1528
703.8772, 0.1526
704.0335, 0.1524
704.1898, 0.1524
704.3461, 0.1522
704.5024, 0.1521
704.6587, 0.1521
704.815, 0.1519
704.9713, 0.1517
705.1277, 0.1517
705.284, 0.1515
705.4403, 0.1514
705.5966, 0.1512
705.7529, 0.1512
705.9092, 0.151
706.0655, 0.1508
706.2218, 0.1508
706.378, 0.1506
706.5344, 0.1505
706.6907, 0.1505
706.847, 0.1503
707.0033, 0.1501
707.1596, 0.1501
707.3159, 0.1499
707.4722, 0.1498
707.6284, 0.1498
707.7848, 0.1496
707.9411, 0.1494
708.0974, 0.1494
708.2537, 0.1492
708.41, 0.149
708.5664, 0.149
708.7227, 0.1489
708.879, 0.1487
709.0352, 0.1487
709.1916, 0.1485
709.3479, 0.1482
709.5042, 0.1482
709.6604, 0.1482
709.8168, 0.148
709.9731, 0.1478
710.1294, 0.1478
710.2857, 0.1476
710.442, 0.1474
710.5983, 0.1474
710.7546, 0.1473
710.9109, 0.1471
711.0672, 0.1471
711.2235, 0.1469
711.3798, 0.1467
711.5361, 0.1467
711.6924, 0.1466
711.8487, 0.1464
712.005, 0.1464
712.1613, 0.1461
712.3176, 0.146
712.474, 0.146
712.6303, 0.1458
712.7866, 0.1457
712.9428, 0.1457
713.0992, 0.1455
713.2555, 0.1453
713.4118, 0.1451
713.5681, 0.1451
713.7244, 0.145
713.8807, 0.1448
714.037, 0.1448
714.1933, 0.1446
714.3496, 0.1444
714.5059, 0.1444
714.6622, 0.1442
714.8185, 0.1441
714.9748, 0.1441
715.1311, 0.1439
715.2873, 0.1437
715.4437, 0.1437
715.6, 0.1435
715.7563, 0.1434
715.9127, 0.1434
716.069, 0.1432
716.2253, 0.143
716.3816, 0.143
716.5379, 0.1428
716.6942, 0.1426
716.8505, 0.1426
717.0068, 0.1425
717.1631, 0.1423
717.3194, 0.1421
717.4757, 0.1421
717.632, 0.1419
717.7883, 0.1418
717.9445, 0.1418
718.1009, 0.1416
718.2572, 0.1414
718.4135, 0.1414
718.5697, 0.1412
718.7261, 0.141
718.8824, 0.141
719.0387, 0.1409
719.195, 0.1407
719.3513, 0.1407
719.5076, 0.1405
719.6639, 0.1403
719.8203, 0.1403
719.9766, 0.1402
720.1329, 0.14
720.2892, 0.14
720.4455, 0.1398
720.6018, 0.1396
720.7581, 0.1396
720.9144, 0.1394
721.0707, 0.1393
721.227, 0.1391
721.3833, 0.1391
721.5396, 0.1389
721.6959, 0.1387
721.8521, 0.1387
722.0085, 0.1386
722.1648, 0.1384
722.3211, 0.1384
722.4774, 0.1381
722.6337, 0.138
722.79, 0.138
722.9463, 0.1378
723.1026, 0.1377
723.259, 0.1377
723.4153, 0.1375
723.5716, 0.1373
723.7279, 0.1373
723.8841, 0.1371
724.0405, 0.137
724.1968, 0.137
724.3531, 0.1368
724.5093, 0.1366
724.6657, 0.1366
724.822, 0.1364
724.9783, 0.1362
725.1346, 0.136
725.2909, 0.136
725.4472, 0.1359
725.6035, 0.1357
725.7598, 0.1357
725.9161, 0.1355
726.0724, 0.1354
726.2287, 0.1354
726.385, 0.1352
726.5413, 0.135
726.6976, 0.135
726.854, 0.1348
727.0103, 0.1346
727.1666, 0.1346
727.3229, 0.1345
727.4792, 0.1343
727.6355, 0.1343
727.7917, 0.1341
727.9481, 0.1339
728.1044, 0.1339
728.2607, 0.1338
728.417, 0.1336
728.5733, 0.1336
728.7296, 0.1334
728.8859, 0.1332
729.0422, 0.133
729.1985, 0.133
729.3548, 0.1329
729.511, 0.1327
729.6674, 0.1327
729.8237, 0.1325
729.98, 0.1323
730.1363, 0.1323
730.2926, 0.1322
730.4489, 0.132
730.6053, 0.132
730.7616, 0.1318
730.9179, 0.1316
731.0742, 0.1316
731.2305, 0.1314
731.3868, 0.1313
731.5431, 0.1313
731.6994, 0.1311
731.8557, 0.1309
732.012, 0.1309
732.1683, 0.1307
732.3246, 0.1306
732.4809, 0.1306
732.6372, 0.1304
732.7934, 0.1302
732.9498, 0.13
733.1061, 0.13
733.2624, 0.1298
733.4187, 0.1297
733.575, 0.1297
733.7313, 0.1295
733.8876, 0.1293
734.044, 0.1293
734.2003, 0.1291
734.3566, 0.1291
734.5129, 0.129
734.6692, 0.129
734.8255, 0.1288
734.9818, 0.1288
735.1381, 0.1288
735.2944, 0.1286
735.4506, 0.1286
735.607, 0.1284
735.7633, 0.1284
735.9196, 0.1282
736.0759, 0.1282
736.2322, 0.128
736.3885, 0.128
736.5448, 0.1279
736.7012, 0.1279
736.8575, 0.1279
737.0138, 0.1277
737.1701, 0.1277
737.3264, 0.1275
737.4827, 0.1275
737.639, 0.1274
737.7953, 0.1274
737.9516, 0.1272
738.1078, 0.1272
738.2642, 0.127
738.4205, 0.127
738.5768, 0.127
738.733, 0.1268
738.8895, 0.1268
739.0458, 0.1266
739.2021, 0.1266
739.3584, 0.1265
739.5147, 0.1265
739.671, 0.1263
739.8273, 0.1263
739.9836, 0.1261
740.1399, 0.1261
740.2962, 0.1261
740.4525, 0.1259
740.6088, 0.1259
740.7651, 0.1258
740.9214, 0.1258
741.0777, 0.1256
741.2341, 0.1256
741.3904, 0.1254
741.5467, 0.1254
741.7029, 0.1252
741.8593, 0.1252
742.0156, 0.1252
742.1719, 0.125
742.3282, 0.125
742.4845, 0.1249
742.6408, 0.1249
742.7971, 0.1247
742.9534, 0.1247
743.1097, 0.1245
743.266, 0.1245
743.4223, 0.1243
743.5786, 0.1243
743.7349, 0.1243
743.8913, 0.1242
744.0476, 0.1242
744.2039, 0.124
744.3602, 0.124
744.5165, 0.1238
744.6728, 0.1238
744.8291, 0.1236
744.9854, 0.1236
745.1417, 0.1234
745.298, 0.1234
745.4543, 0.1234
745.6106, 0.1233
745.7669, 0.1233
745.9232, 0.1231
746.0796, 0.1231
746.2359, 0.1229
746.3921, 0.1229
746.5485, 0.1227
746.7048, 0.1227
746.8611, 0.1226
747.0174, 0.1226
747.1737, 0.1226
747.33, 0.1224
747.4863, 0.1224
747.6425, 0.1222
747.7989, 0.1222
747.9552, 0.1219
748.1115, 0.1219
748.2678, 0.1218
748.4242, 0.1218
748.5805, 0.1217
748.7368, 0.1217
748.8931, 0.1217
749.0493, 0.1215
749.2057, 0.1215
749.362, 0.1213
749.5183, 0.1213
749.6745, 0.1211
749.8309, 0.1211
749.9872, 0.121
750.1435, 0.121
750.2998, 0.1208
750.4561, 0.1208
750.6124, 0.1208
750.7687, 0.1206
750.9251, 0.1206
751.0814, 0.1204
751.2377, 0.1204
751.394, 0.1202
751.5503, 0.1202
751.7066, 0.1201
751.8629, 0.1201
752.0192, 0.1199
752.1755, 0.1199
752.3317, 0.1199
752.4881, 0.1197
752.6444, 0.1197
752.8007, 0.1195
752.9569, 0.1195
753.1133, 0.1194
753.2697, 0.1194
753.426, 0.1192
753.5823, 0.1192
753.7386, 0.119
753.8949, 0.119
754.0512, 0.119
754.2075, 0.1188
754.3638, 0.1188
754.5201, 0.1186
754.6764, 0.1186
754.8327, 0.1185
754.9889, 0.1185
755.1453, 0.1183
755.3016, 0.1183
755.4579, 0.1181
755.6143, 0.1181
755.7706, 0.1181
755.9268, 0.1179
756.0832, 0.1179
756.2395, 0.1178
756.3958, 0.1178
756.5521, 0.1176
756.7084, 0.1176
756.8647, 0.1174
757.021, 0.1174
757.1773, 0.1172
757.3336, 0.1172
757.4899, 0.1172
757.6461, 0.117
757.8025, 0.117
757.9588, 0.1169
758.1152, 0.1169
758.2715, 0.1167
758.4278, 0.1167
758.584, 0.1165
758.7404, 0.1165
758.8967, 0.1165
759.053, 0.1163
759.2093, 0.1163
759.3656, 0.1162
759.5219, 0.1162
759.6782, 0.116
759.8345, 0.116
759.9908, 0.1158
760.1471, 0.1158
760.3034, 0.1156
760.4598, 0.1156
760.616, 0.1156
760.7724, 0.1154
760.9287, 0.1154
761.085, 0.1153
761.2413, 0.1153
761.3976, 0.1151
761.5539, 0.1151
761.7102, 0.1149
761.8665, 0.1149
762.0228, 0.1147
762.1791, 0.1147
762.3354, 0.1147
762.4917, 0.1146
762.6481, 0.1146
762.8044, 0.1144
762.9607, 0.1144
763.117, 0.1142
763.2732, 0.1142
763.4296, 0.114
763.5859, 0.114
763.7422, 0.1138
763.8984, 0.1138
764.0548, 0.1138
764.2111, 0.1137
764.3674, 0.1137
764.5237, 0.1135
764.68, 0.1135
764.8363, 0.1133
764.9926, 0.1133
765.1489, 0.1131
765.3053, 0.1131
765.4616, 0.113
765.6179, 0.113
765.7742, 0.113
765.9304, 0.1128
766.0868, 0.1128
766.2431, 0.1126
766.3994, 0.1126
766.5556, 0.1124
766.712, 0.1124
766.8683, 0.1122
767.0246, 0.1122
767.1809, 0.1121
767.3372, 0.1121
767.4936, 0.1121
767.6499, 0.1118
767.8062, 0.1118
767.9625, 0.1117
768.1188, 0.1117
768.2751, 0.1115
768.4314, 0.1115
768.5877, 0.1114
768.744, 0.1114
768.9003, 0.1112
769.0566, 0.1112
769.2129, 0.1112
769.3692, 0.111
769.5255, 0.111
769.6818, 0.1108
769.8382, 0.1108
769.9945, 0.1106
770.1508, 0.1106
770.3071, 0.1105
770.4634, 0.1105
770.6197, 0.1103
770.776, 0.1103
770.9323, 0.1103
771.0886, 0.1101
771.2449, 0.1101
771.4012, 0.1099
771.5575, 0.1099
771.7138, 0.1098
771.87, 0.1098
772.0264, 0.1096
772.1827, 0.1096
772.339, 0.1094
772.4954, 0.1094
772.6517, 0.1094
772.808, 0.1092
772.9643, 0.1092
773.1206, 0.109
773.2769, 0.109
773.4332, 0.1089
773.5895, 0.1089
773.7458, 0.1087
773.9021, 0.1087
774.0584, 0.1085
774.2147, 0.1085
774.371, 0.1085
774.5272, 0.1083
774.6837, 0.1083
774.8399, 0.1082
774.9963, 0.1082
775.1526, 0.108
775.3089, 0.108
775.4652, 0.1078
775.6215, 0.1078
775.7778, 0.1076
775.9341, 0.1076
776.0904, 0.1076
776.2467, 0.1074
776.403, 0.1074
776.5593, 0.1073
776.7156, 0.1073
776.8719, 0.1071
777.0283, 0.1071
777.1846, 0.1069
777.3409, 0.1069
777.4971, 0.1067
777.6535, 0.1067
777.8098, 0.1067
777.9661, 0.1066
778.1224, 0.1066
778.2787, 0.1064
778.435, 0.1064
778.5913, 0.1062
778.7476, 0.1062
778.9039, 0.106
779.0602, 0.106
779.2165, 0.1058
779.3728, 0.1058
779.5292, 0.1058
779.6855, 0.1057
779.8418, 0.1057
779.9981, 0.1055
780.1544, 0.1055
780.3107, 0.1053
780.467, 0.1053
780.6233, 0.1051
780.7795, 0.1051
780.9359, 0.105
781.0922, 0.105
781.2485, 0.105
781.4048, 0.1048
781.5611, 0.1048
781.7174, 0.1046
781.8738, 0.1046
782.0301, 0.1044
782.1864, 0.1044
782.3427, 0.1042
782.499, 0.1042
782.6553, 0.1041
782.8115, 0.1041
782.9679, 0.1041
783.1242, 0.1039
783.2805, 0.1039
783.4368, 0.1037
783.5931, 0.1037
783.7494, 0.1035
783.9057, 0.1035
784.062, 0.1034
784.2184, 0.1034
784.3747, 0.1032
784.531, 0.1032
784.6873, 0.1032
784.8436, 0.103
784.9999, 0.103
785.1562, 0.1028
785.3125, 0.1028
785.4687, 0.1026
785.6251, 0.1026
785.7814, 0.1025
785.9377, 0.1025
786.094, 0.1023
786.2503, 0.1023
786.4066, 0.1023
786.5629, 0.1021
786.7193, 0.1021
786.8756, 0.1019
787.0319, 0.1019
787.1882, 0.1018
787.3445, 0.1018
787.5008, 0.1016
787.6571, 0.1016
787.8134, 0.1014
787.9697, 0.1014
788.126, 0.1014
788.2823, 0.1012
788.4386, 0.1012
788.5949, 0.101
788.7511, 0.101
788.9075, 0.1009
789.0639, 0.1009
789.2202, 0.1007
789.3765, 0.1007
789.5328, 0.1005
789.6891, 0.1005
789.8454, 0.1005
790.0017, 0.1003
790.158, 0.1003
790.3143, 0.1002
790.4706, 0.1002
790.6269, 0.1
790.7832, 0.1
790.9395, 0.0998
791.0958, 0.0998
791.2521, 0.0996
791.4085, 0.0996
791.5648, 0.0996
791.721, 0.0994
791.8774, 0.0994
792.0337, 0.0993
792.19, 0.0993
792.3463, 0.0991
792.5026, 0.0991
792.6589, 0.0989
792.8152, 0.0989
792.9715, 0.0987
793.1278, 0.0987
793.2841, 0.0987
793.4404, 0.0986
793.5967, 0.0986
793.753, 0.0984
793.9094, 0.0984
794.0657, 0.0982
794.222, 0.0982
794.3783, 0.098
794.5346, 0.098
794.6909, 0.098
794.8472, 0.0977
795.0035, 0.0977
795.1598, 0.0977
795.3161, 0.0977
795.4724, 0.0975
795.6287, 0.0975
795.785, 0.0973
795.9413, 0.0973
796.0976, 0.0971
796.254, 0.0971
796.4102, 0.0971
796.5666, 0.097
796.7229, 0.097
796.8792, 0.0968
797.0355, 0.0968
797.1918, 0.0966
797.3481, 0.0966
797.5044, 0.0964
797.6606, 0.0964
797.817, 0.0962
797.9733, 0.0962
798.1296, 0.0962
798.2859, 0.0961
798.4423, 0.0961
798.5986, 0.0959
798.7549, 0.0959
798.9112, 0.0957
799.0675, 0.0957
799.2238, 0.0955
799.3801, 0.0955
799.5364, 0.0954
799.6926, 0.0954
799.849, 0.0954
800.0053, 0.0952
800.1616, 0.0952
800.3179, 0.095
800.4742, 0.095
800.6305, 0.0948
800.7868, 0.0948
800.9432, 0.0946
801.0995, 0.0946
801.2558, 0.0945
801.4121, 0.0945
801.5684, 0.0945
801.7247, 0.0943
801.881, 0.0943
802.0373, 0.0941
802.1936, 0.0941
802.3498, 0.0939
802.5062, 0.0939
802.6625, 0.0937
802.8188, 0.0937
802.975, 0.0936
803.1314, 0.0936
803.2878, 0.0936
803.4441, 0.0934
803.6004, 0.0934
803.7567, 0.0932
803.913, 0.0932
804.0693, 0.093
804.2256, 0.093
804.3819, 0.0929
804.5382, 0.0929
804.6945, 0.0927
804.8508, 0.0927
805.0071, 0.0927
805.1634, 0.0925
805.3197, 0.0925
805.476, 0.0923
805.6324, 0.0923
805.7887, 0.0922
805.9449, 0.0922
806.1013, 0.092
806.2576, 0.092
806.4139, 0.0918
806.5702, 0.0918
806.7265, 0.0918
806.8828, 0.0916
807.0391, 0.0916
807.1954, 0.0914
807.3517, 0.0914
807.508, 0.0913
807.6643, 0.0913
807.8206, 0.0911
807.9769, 0.0911
808.1333, 0.0909
808.2896, 0.0909
808.4459, 0.0909
808.6021, 0.0907
808.7585, 0.0907
808.9148, 0.0906
809.0711, 0.0906
809.2274, 0.0904
809.3837, 0.0904
809.54, 0.0902
809.6963, 0.0902
809.8526, 0.09
810.0089, 0.09
810.1652, 0.09
810.3215, 0.0898
810.4779, 0.0898
810.6341, 0.0897
810.7905, 0.0897
810.9468, 0.0895
811.1031, 0.0895
811.2594, 0.0893
811.4157, 0.0893
811.572, 0.0891
811.7283, 0.0891
811.8846, 0.0891
812.0409, 0.089
812.1972, 0.089
812.3535, 0.0888
812.5098, 0.0888
812.6661, 0.0886
812.8225, 0.0886
812.9788, 0.0884
813.1351, 0.0884
813.2913, 0.0882
813.4477, 0.0882
813.604, 0.0882
813.7603, 0.0881
813.9165, 0.0881
814.0729, 0.0879
814.2292, 0.0879
814.3855, 0.0877
814.5417, 0.0877
814.6981, 0.0875
814.8544, 0.0875
815.0107, 0.0874
815.167, 0.0874
815.3234, 0.0874
815.4797, 0.0872
815.636, 0.0872
815.7923, 0.087
815.9485, 0.087
816.1049, 0.0868
816.2612, 0.0868
816.4175, 0.0866
816.5737, 0.0866
816.7301, 0.0865
816.8864, 0.0865
817.0427, 0.0865
817.199, 0.0863
817.3553, 0.0863
817.5116, 0.0861
817.668, 0.0861
817.8243, 0.0859
817.9806, 0.0859
818.1369, 0.0858
818.2932, 0.0858
818.4495, 0.0856
818.6058, 0.0856
818.7621, 0.0856
818.9184, 0.0854
819.0747, 0.0854
819.231, 0.0852
819.3873, 0.0852
819.5436, 0.085
819.6999, 0.085
819.8561, 0.0849
820.0126, 0.0849
820.1689, 0.0847
820.3252, 0.0847
820.4815, 0.0847
820.6378, 0.0845
820.7941, 0.0845
820.9504, 0.0843
821.1067, 0.0843
821.263, 0.0842
821.4193, 0.0842
821.5756, 0.084
821.7319, 0.084
821.8881, 0.0838
822.0445, 0.0838
822.2008, 0.0838
822.3571, 0.0836
822.5135, 0.0836
822.6698, 0.0834
822.826, 0.0834
822.9824, 0.0833
823.1387, 0.0833
823.295, 0.0831
823.4513, 0.0831
823.6076, 0.0829
823.7639, 0.0829
823.9202, 0.0829
824.0765, 0.0827
824.2328, 0.0827
824.3891, 0.0826
824.5453, 0.0826
824.7017, 0.0824
824.858, 0.0824
825.0144, 0.0822
825.1707, 0.0822
825.327, 0.082
825.4833, 0.082
825.6396, 0.082
825.7959, 0.0818
825.9522, 0.0818
826.1085, 0.0817
826.2648, 0.0817
826.4211, 0.0815
826.5774, 0.0815
826.7337, 0.0813
826.89, 0.0813
827.0463, 0.0811
827.2027, 0.0811
827.359, 0.0811
827.5152, 0.081
827.6716, 0.081
827.8279, 0.0808
827.9842, 0.0808
828.1405, 0.0806
828.2968, 0.0806
828.4531, 0.0804
828.6094, 0.0804
828.7657, 0.0802
828.922, 0.0802
829.0783, 0.0801
829.2346, 0.0801
829.3909, 0.0801
829.5473, 0.0799
829.7036, 0.0799
829.8599, 0.0796
830.0162, 0.0796
830.1724, 0.0795
830.3288, 0.0795
830.4851, 0.0794
830.6414, 0.0794
830.7976, 0.0792
830.954, 0.0792
831.1103, 0.079
831.2666, 0.079
831.4229, 0.0788
831.5792, 0.0788
831.7355, 0.0788
831.8918, 0.0786
832.0482, 0.0786
832.2045, 0.0785
832.3608, 0.0785
832.5171, 0.0783
832.6734, 0.0783
832.8296, 0.0781
832.986, 0.0781
833.1423, 0.0779
833.2986, 0.0779
833.4549, 0.0778
833.6112, 0.0778
833.7675, 0.0776
833.9238, 0.0776
834.0801, 0.0776
834.2364, 0.0774
834.3928, 0.0774
834.5491, 0.0772
834.7054, 0.0772
834.8617, 0.077
835.018, 0.077
835.1743, 0.0769
835.3306, 0.0769
835.4868, 0.0767
835.6432, 0.0767
835.7995, 0.0765
835.9558, 0.0765
836.1121, 0.0763
836.2684, 0.0763
836.4247, 0.0763
836.581, 0.0762
836.7374, 0.0762
836.8937, 0.076
837.05, 0.076
837.2063, 0.0758
837.3626, 0.0758
837.5189, 0.0756
837.6752, 0.0756
837.8315, 0.0754
837.9878, 0.0754
838.1441, 0.0753
838.3004, 0.0753
838.4567, 0.0751
838.613, 0.0751
838.7692, 0.0751
838.9256, 0.0749
839.0819, 0.0749
839.2382, 0.0747
839.3946, 0.0747
839.5509, 0.0746
839.7072, 0.0746
839.8635, 0.0744
840.0198, 0.0744
840.1761, 0.0742
840.3324, 0.0742
840.4887, 0.074
840.645, 0.074
840.8013, 0.0739
840.9576, 0.0739
841.1139, 0.0739
841.2702, 0.0737
841.4264, 0.0737
841.5828, 0.0735
841.7391, 0.0735
841.8955, 0.0733
842.0518, 0.0733
842.2081, 0.0731
842.3644, 0.0731
842.5207, 0.073
842.677, 0.073
842.8333, 0.0728
842.9896, 0.0728
843.1459, 0.0726
843.3022, 0.0726
843.4585, 0.0726
843.6148, 0.0724
843.7711, 0.0724
843.9274, 0.0723
844.0838, 0.0723
844.2401, 0.0721
844.3963, 0.0721
844.5527, 0.0719
844.709, 0.0719
844.8653, 0.0717
845.0216, 0.0717
845.1779, 0.0715
845.3342, 0.0715
845.4905, 0.0714
845.6468, 0.0714
845.8031, 0.0714
845.9594, 0.0712
846.1157, 0.0712
846.272, 0.071
846.4283, 0.071
846.5846, 0.0708
846.741, 0.0708
846.8973, 0.0707
847.0536, 0.0707
847.2099, 0.0705
847.3662, 0.0705
847.5225, 0.0703
847.6787, 0.0703
847.8351, 0.0701
847.9914, 0.0701
848.1477, 0.0699
848.304, 0.0699
848.4603, 0.0699
848.6166, 0.0698
848.7729, 0.0698
848.9292, 0.0695
849.0856, 0.0695
849.2419, 0.0694
849.3982, 0.0694
849.5545, 0.0692
849.7107, 0.0692
849.8671, 0.0691
850.0234, 0.0691
850.1797, 0.0689
850.336, 0.0689
850.4923, 0.0687
850.6486, 0.0687
850.8049, 0.0687
850.9612, 0.0685
851.1175, 0.0685
851.2738, 0.0683
851.4302, 0.0683
851.5865, 0.0682
851.7428, 0.0682
851.8991, 0.068
852.0554, 0.068
852.2117, 0.0678
852.3679, 0.0678
852.5243, 0.0676
852.6806, 0.0676
852.8369, 0.0675
852.9931, 0.0675
853.1495, 0.0675
853.3058, 0.0673
853.4621, 0.0673
853.6183, 0.0671
853.7747, 0.0671
853.9311, 0.0669
854.0874, 0.0669
854.2437, 0.0667
854.4, 0.0667
854.5563, 0.0666
854.7126, 0.0666
854.8689, 0.0664
855.0252, 0.0664
855.1815, 0.0662
855.3378, 0.0662
855.4941, 0.0662
855.6503, 0.066
855.8067, 0.066
855.963, 0.0659
856.1193, 0.0659
856.2756, 0.0657
856.432, 0.0657
856.5883, 0.0655
856.7446, 0.0655
856.9009, 0.0653
857.0572, 0.0653
857.2135, 0.0651
857.3698, 0.0651
857.5261, 0.065
857.6824, 0.065
857.8387, 0.065
857.995, 0.0648
858.1513, 0.0648
858.3075, 0.0646
858.4639, 0.0646
858.6202, 0.0644
858.7766, 0.0644
858.9329, 0.0643
859.0892, 0.0643
859.2455, 0.0641
859.4018, 0.0641
859.5581, 0.0639
859.7144, 0.0639
859.8707, 0.0637
860.027, 0.0637
860.1833, 0.0637
860.3396, 0.0635
860.4959, 0.0635
860.6522, 0.0634
860.8085, 0.0634
860.9647, 0.0632
861.1212, 0.0632
861.2775, 0.063
861.4338, 0.063
861.5901, 0.0628
861.7464, 0.0628
861.9026, 0.0627
862.059, 0.0627
862.2153, 0.0625
862.3716, 0.0625
862.5279, 0.0625
862.6842, 0.0623
862.8405, 0.0623
862.9968, 0.0621
863.1531, 0.0621
863.3094, 0.0619
863.4657, 0.0619
863.6219, 0.0618
863.7784, 0.0618
863.9346, 0.0616
864.091, 0.0616
864.2473, 0.0614
864.4036, 0.0614
864.5598, 0.0612
864.7162, 0.0612
864.8725, 0.0612
865.0288, 0.0611
865.1851, 0.0611
865.3414, 0.0609
865.4977, 0.0609
865.654, 0.0607
865.8103, 0.0607
865.9666, 0.0605
866.123, 0.0605
866.2793, 0.0603
866.4356, 0.0603
866.5918, 0.0602
866.7482, 0.0602
866.9045, 0.06
867.0608, 0.06
867.2171, 0.06
867.3734, 0.0598
867.5297, 0.0598
867.686, 0.0596
867.8423, 0.0596
867.9986, 0.0594
868.1549, 0.0594
868.3112, 0.0593
868.4676, 0.0593
868.6239, 0.0591
868.7802, 0.0591
868.9365, 0.0589
869.0928, 0.0589
869.249, 0.0587
869.4054, 0.0587
869.5617, 0.0587
869.718, 0.0586
869.8742, 0.0586
870.0306, 0.0584
870.1869, 0.0584
870.3432, 0.0582
870.4995, 0.0582
870.6558, 0.058
870.8121, 0.058
870.9685, 0.0579
871.1248, 0.0579
871.2811, 0.0577
871.4374, 0.0577
871.5937, 0.0575
871.75, 0.0575
871.9062, 0.0575
872.0626, 0.0573
872.2189, 0.0573
872.3752, 0.0571
872.5314, 0.0571
872.6878, 0.057
872.8441, 0.057
873.0004, 0.0568
873.1567, 0.0568
873.313, 0.0566
873.4694, 0.0566
873.6257, 0.0564
873.782, 0.0564
873.9383, 0.0563
874.0946, 0.0563
874.2509, 0.0563
874.4072, 0.0561
874.5635, 0.0561
874.7198, 0.0559
874.8761, 0.0559
875.0324, 0.0557
875.1887, 0.0557
875.345, 0.0555
875.5013, 0.0555
875.6576, 0.0554
875.814, 0.0554
875.9703, 0.0552
876.1266, 0.0552
876.2829, 0.055
876.4392, 0.055
876.5955, 0.055
876.7518, 0.0548
876.9081, 0.0548
877.0644, 0.0547
877.2207, 0.0547
877.377, 0.0545
877.5333, 0.0545
877.6896, 0.0543
877.8458, 0.0543
878.0022, 0.0541
878.1586, 0.0541
878.3149, 0.0539
878.4712, 0.0539
878.6275, 0.0538
878.7838, 0.0538
878.9401, 0.0538
879.0964, 0.0536
879.2527, 0.0536
879.409, 0.0534
879.5653, 0.0534
879.7216, 0.0532
879.8779, 0.0532
880.0342, 0.0531
880.1905, 0.0531
880.3468, 0.0529
880.503, 0.0529
880.6594, 0.0527
880.8157, 0.0527
880.9721, 0.0525
881.1284, 0.0525
881.2847, 0.0525
881.441, 0.0523
881.5973, 0.0523
881.7536, 0.0522
881.9099, 0.0522
882.0662, 0.052
882.2225, 0.052
882.3788, 0.0518
882.5351, 0.0518
882.6914, 0.0516
882.8477, 0.0516
883.004, 0.0515
883.1604, 0.0515
883.3167, 0.0513
883.4729, 0.0513
883.6293, 0.0513
883.7856, 0.0511
883.9419, 0.0511
884.0982, 0.0509
884.2545, 0.0509
884.4108, 0.0507
884.5671, 0.0507
884.7234, 0.0506
884.8797, 0.0506
885.036, 0.0504
885.1923, 0.0504
885.3486, 0.0502
885.505, 0.0502
885.6613, 0.05
885.8176, 0.05
885.9739, 0.05
886.1302, 0.0499
886.2865, 0.0499
886.4428, 0.0497
886.5991, 0.0497
886.7553, 0.0495
886.9117, 0.0495
887.068, 0.0493
887.2243, 0.0493
887.3806, 0.0491
887.5369, 0.0491
887.6932, 0.049
887.8495, 0.049
888.0058, 0.0488
888.1622, 0.0488
888.3185, 0.0488
888.4748, 0.0486
888.6311, 0.0486
888.7873, 0.0484
888.9437, 0.0484
889.1, 0.0483
889.2563, 0.0483
889.4126, 0.0481
889.5689, 0.0481
889.7252, 0.0479
889.8815, 0.0479
890.0378, 0.0477
890.1941, 0.0477
890.3504, 0.0475
890.5068, 0.0475
890.6631, 0.0475
890.8194, 0.0474
890.9757, 0.0474
891.132, 0.0472
891.2883, 0.0472
891.4445, 0.047
891.6009, 0.047
891.7572, 0.0468
891.9135, 0.0468
892.0698, 0.0467
892.2261, 0.0467
892.3824, 0.0465
892.5387, 0.0465
892.6949, 0.0463
892.8514, 0.0463
893.0077, 0.0463
893.164, 0.0461
893.3203, 0.0461
893.4766, 0.0459
893.6329, 0.0459
893.7892, 0.0458
893.9455, 0.0458
894.1018, 0.0456
894.2581, 0.0456
894.4144, 0.0454
894.5707, 0.0454
894.7269, 0.0452
894.8833, 0.0452
895.0396, 0.0451
895.196, 0.0451
895.3523, 0.0451
895.5086, 0.0449
895.6649, 0.0449
895.8212, 0.0447
895.9775, 0.0447
896.1338, 0.0445
896.2901, 0.0445
896.4464, 0.0443
896.6027, 0.0443
896.759, 0.0442
896.9153, 0.0442
897.0716, 0.0442
897.2279, 0.044
897.3841, 0.044
897.5405, 0.0438
897.6968, 0.0436
897.8532, 0.0436
898.0095, 0.0435
898.1658, 0.0435
898.3221, 0.0435
898.4784, 0.0433
