0	1   10025.760117977465
1	2   20051.52023595493
2	3   30077.280353932398
3	4   40103.04047190986
4	5   50128.80058988733
5	6   60154.560707864795
6	7   70180.32082584227
7	8   80206.08094381972
8	9   90231.8410617972
9	10  100257.60117977466
10	12  120309.12141572959
11	14  140360.64165168453
12	16  160412.16188763944
13	19  190489.44224157184
14	22  220566.72259550422
15	25  250644.00294943663
16	29  290747.04342134646
17	33  330850.0838932564
18	39  391004.64460112114
19	44  441133.44519100845
20	51  511313.7660168507
21	59  591519.8469606705
22	68  681751.6880224677
23	79  792035.0493202198
24	91  912344.1707359493
25	104 1042679.0522696566
26	120 1203091.2141572959
27	138 1383554.8962808903
28	159 1594095.858758417
29	184 1844739.8617078539
30	212 2125461.145011223
31	244 2446285.4687865013
32	281 2817238.5931516676
33	323 3238320.5181067213
34	372 3729582.7638876173
35	429 4301051.090612333
36	494 4952725.498280868
37	568 5694631.7470112005
38	655 6566872.87727524
39	754 7559423.128955008
40	868 8702359.782404441
41	1000    10025760.117977465
