       280.00000       96.170000
       285.00000       97.290000
       290.00000       98.040000
       295.00000       97.990000
       300.00000       97.300000
       305.00000       96.350000
       310.00000       95.670000
       315.00000       95.330000
       320.00000       95.410000
       325.00000       95.830000
       330.00000       96.360000
       335.00000       96.910000
       340.00000       97.290000
       345.00000       97.400000
       350.00000       97.200000
       355.00000       96.950000
       360.00000       96.630000
       365.00000       96.410000
       370.00000       96.370000
       375.00000       96.380000
       380.00000       96.510000
       385.00000       96.740000
       390.00000       96.910000
       395.00000       97.110000
       400.00000       97.060000
       405.00000       97.020000
       410.00000       96.620000
       415.00000       96.240000
       420.00000       95.620000
       425.00000       94.990000
       430.00000       94.280000
       435.00000       93.790000
       440.00000       93.310000
       445.00000       93.030000
       450.00000       93.040000
       455.00000       93.080000
       460.00000       93.550000
       465.00000       94.150000
       470.00000       94.740000
       475.00000       95.460000
       480.00000       96.210000
       485.00000       96.920000
       490.00000       97.430000
       495.00000       97.590000
       500.00000       97.390000
       505.00000       96.610000
       510.00000       95.380000
       515.00000       93.300000
       520.00000       90.570000
       525.00000       87.340000
       530.00000       83.570000
       535.00000       79.380000
       540.00000       75.010000
       545.00000       70.390000
       550.00000       66.020000
       555.00000       61.640000
       560.00000       57.750000
       565.00000       53.900000
       570.00000       50.040000
       575.00000       46.850000
       580.00000       43.850000
       585.00000       40.940000
       590.00000       38.610000
       595.00000       36.360000
       600.00000       34.390000
       605.00000       32.700000
       610.00000       31.090000
       615.00000       29.770000
       620.00000       28.310000
       625.00000       27.000000
       630.00000       25.640000
       635.00000       24.840000
       640.00000       23.780000
       645.00000       23.090000
       650.00000       22.430000
       655.00000       21.490000
       660.00000       21.180000
       665.00000       20.540000
       670.00000       19.760000
       675.00000       19.430000
       680.00000       18.980000
       685.00000       18.310000
       690.00000       18.270000
       695.00000       17.960000
       700.00000       17.630000
       705.00000       17.480000
       710.00000       17.190000
       715.00000       17.010000
       720.00000       17.110000
       725.00000       17.090000
       730.00000       16.940000
       735.00000       16.730000
       740.00000       16.510000
       745.00000       16.450000
       750.00000       16.300000
       755.00000       16.360000
       760.00000       16.310000
       765.00000       16.360000
       770.00000       16.350000
       775.00000       16.410000
       780.00000       16.380000
       785.00000       16.480000
       790.00000       16.530000
       795.00000       16.640000
       800.00000       16.690000
       805.00000       16.810000
       810.00000       16.900000
       815.00000       17.000000
       820.00000       17.160000
       825.00000       17.340000
       830.00000       17.530000
       835.00000       17.740000
       840.00000       17.890000
       845.00000       18.150000
       850.00000       18.340000
       855.00000       18.600000
       860.00000       18.830000
       865.00000       19.060000
       870.00000       19.180000
       875.00000       19.420000
       880.00000       19.590000
       885.00000       19.830000
       890.00000       20.050000
       895.00000       20.500000
       900.00000       20.760000
       905.00000       20.980000
       910.00000       21.340000
       915.00000       21.600000
       920.00000       22.030000
       925.00000       22.370000
       930.00000       22.660000
       935.00000       23.170000
       940.00000       23.410000
       945.00000       23.800000
       950.00000       23.970000
       955.00000       24.350000
       960.00000       24.910000
       965.00000       25.360000
       970.00000       25.950000
       975.00000       26.370000
       980.00000       26.700000
       985.00000       27.060000
       990.00000       27.640000
       995.00000       28.240000
       1000.0000       28.690000

