200    0.87159
201    0.875305
202    0.87893
203    0.882442
204    0.885826
205    0.88907
206    0.892168
207    0.895116
208    0.897911
209    0.900556
210    0.903053
211    0.905404
212    0.907614
213    0.909688
214    0.911631
215    0.913448
216    0.915144
217    0.916725
218    0.918196
219    0.919562
220    0.920828
221    0.921999
222    0.923079
223    0.924072
224    0.924983
225    0.925814
226    0.92657
227    0.927254
228    0.927869
229    0.928418
230    0.928903
231    0.929327
232    0.929692
233    0.93
234    0.930254
235    0.930454
236    0.930603
237    0.930703
238    0.930753
239    0.930757
240    0.930714
241    0.930626
242    0.930495
243    0.930319
244    0.930102
245    0.929843
246    0.929542
247    0.929201
248    0.92882
249    0.928399
250    0.927939
251    0.927439
252    0.926902
253    0.926325
254    0.925711
255    0.925058
256    0.924367
257    0.923639
258    0.922873
259    0.922069
260    0.921228
261    0.920349
262    0.919433
263    0.91848
264    0.917489
265    0.916462
266    0.915397
267    0.914295
268    0.913157
269    0.911983
270    0.910772
271    0.909525
272    0.908243
273    0.906926
274    0.905574
275    0.904188
276    0.902769
277    0.901316
278    0.899832
279    0.898317
280    0.896773
281    0.895199
282    0.893598
283    0.891972
284    0.89032
285    0.888647
286    0.886952
287    0.885239
288    0.883509
289    0.881765
290    0.88001
291    0.878246
292    0.876476
293    0.874703
294    0.872931
295    0.871162
296    0.869401
297    0.867651
298    0.865916
299    0.864199
300    0.862501
301    0.860582
302    0.858706
303    0.856879
304    0.855108
305    0.853399
306    0.851758
307    0.850191
308    0.848705
309    0.847304
310    0.845988
311    0.844648
312    0.843407
313    0.842269
314    0.841239
315    0.840317
316    0.839508
317    0.838813
318    0.838241
319    0.837859
320    0.837593
321    0.837441
322    0.837401
323    0.837472
324    0.837651
325    0.837934
326    0.838318
327    0.838724
328    0.839196
329    0.839757
330    0.840403
331    0.841128
332    0.841928
333    0.842798
334    0.843732
335    0.844726
336    0.845695
337    0.846707
338    0.847766
339    0.848866
340    0.850004
341    0.851175
342    0.852375
343    0.8536
344    0.854847
345    0.856177
346    0.857562
347    0.858956
348    0.860356
349    0.861759
350    0.863162
351    0.864534
352    0.865904
353    0.867269
354    0.868628
355    0.869964
356    0.871286
357    0.872596
358    0.873895
359    0.87518
360    0.87645
361    0.877706
362    0.878945
363    0.880168
364    0.881374
365    0.882535
366    0.88363
367    0.884709
368    0.885771
369    0.886816
370    0.887844
371    0.888854
372    0.889847
373    0.890822
374    0.89178
375    0.892719
376    0.893647
377    0.894569
378    0.895473
379    0.89636
380    0.897229
381    0.898081
382    0.898915
383    0.899732
384    0.900533
385    0.901317
386    0.902084
387    0.902835
388    0.903552
389    0.904238
390    0.90491
391    0.905567
392    0.90621
393    0.906838
394    0.907453
395    0.908054
396    0.908641
397    0.909215
398    0.909775
399    0.910323
400    0.910857
401    0.91135
402    0.911832
403    0.912303
404    0.912763
405    0.913213
406    0.913652
407    0.914081
408    0.9145
409    0.914909
410    0.915309
411    0.915699
412    0.91608
413    0.916451
414    0.91683
415    0.917206
416    0.917573
417    0.917931
418    0.91828
419    0.918621
420    0.918953
421    0.919277
422    0.919593
423    0.919901
424    0.920202
425    0.920494
426    0.92078
427    0.921057
428    0.921306
429    0.921525
430    0.921737
431    0.921944
432    0.922144
433    0.922338
434    0.922526
435    0.922708
436    0.922884
437    0.923055
438    0.92322
439    0.92338
440    0.923534
441    0.923683
442    0.923827
443    0.923965
444    0.924098
445    0.924226
446    0.92435
447    0.924468
448    0.924582
449    0.924691
450    0.924796
451    0.924878
452    0.924954
453    0.925027
454    0.925096
455    0.92516
456    0.925221
457    0.925277
458    0.92533
459    0.925379
460    0.925429
461    0.925475
462    0.925518
463    0.925558
464    0.925594
465    0.925626
466    0.925655
467    0.92568
468    0.925702
469    0.92572
470    0.925736
471    0.925747
472    0.925756
473    0.925762
474    0.925764
475    0.925763
476    0.92576
477    0.925747
478    0.925703
479    0.925656
480    0.925606
481    0.925553
482    0.925498
483    0.92544
484    0.92538
485    0.925317
486    0.925251
487    0.925184
488    0.925113
489    0.92504
490    0.924965
491    0.924888
492    0.924808
493    0.924725
494    0.924641
495    0.924554
496    0.924463
497    0.924348
498    0.924231
499    0.924112
500    0.923991
501    0.923868
502    0.923743
503    0.923616
504    0.923487
505    0.923356
506    0.923223
507    0.923085
508    0.922946
509    0.922805
510    0.922662
511    0.922518
512    0.922371
513    0.922223
514    0.922074
515    0.921922
516    0.921769
517    0.92161
518    0.921443
519    0.921274
520    0.921104
521    0.920932
522    0.920759
523    0.920584
524    0.920408
525    0.92023
526    0.920051
527    0.91987
528    0.919668
529    0.919438
530    0.919206
531    0.918973
532    0.918739
533    0.918503
534    0.918266
535    0.918028
536    0.917788
537    0.917547
538    0.917304
539    0.917061
540    0.916824
541    0.916586
542    0.916346
543    0.916106
544    0.915865
545    0.915622
546    0.915378
547    0.915133
548    0.914887
549    0.91464
550    0.914391
551    0.914017
552    0.913718
553    0.913419
554    0.91312
555    0.91282
556    0.912518
557    0.912216
558    0.911913
559    0.911608
560    0.911303
561    0.910997
562    0.910689
563    0.910381
564    0.910065
565    0.909741
566    0.909416
567    0.90909
568    0.908763
569    0.908435
570    0.908106
571    0.907776
572    0.907445
573    0.907113
574    0.906781
575    0.906447
576    0.906112
577    0.905758
578    0.905369
579    0.904979
580    0.904587
581    0.904195
582    0.903802
583    0.903409
584    0.903014
585    0.902619
586    0.902223
587    0.901826
588    0.901428
589    0.901029
590    0.90063
591    0.900233
592    0.899838
593    0.899442
594    0.899045
595    0.898647
596    0.898249
597    0.89785
598    0.897451
599    0.89705
600    0.896649
601    0.896298
602    0.895951
603    0.895603
604    0.895255
605    0.894891
606    0.894475
607    0.894059
608    0.893641
609    0.893224
610    0.892806
611    0.892387
612    0.891968
613    0.891548
614    0.891128
615    0.890707
616    0.890286
617    0.889865
618    0.889443
619    0.88902
620    0.888593
621    0.888128
622    0.887663
623    0.887197
624    0.886731
625    0.886264
626    0.885797
627    0.88533
628    0.884862
629    0.884394
630    0.883925
631    0.883457
632    0.882988
633    0.882519
634    0.882049
635    0.881579
636    0.881105
637    0.880613
638    0.880121
639    0.879629
640    0.879136
641    0.878644
642    0.87815
643    0.877657
644    0.877164
645    0.87667
646    0.876176
647    0.875683
648    0.875188
649    0.874694
650    0.87418
651    0.87359
652    0.873001
653    0.872448
654    0.871934
655    0.871421
656    0.870908
657    0.870395
658    0.869883
659    0.86937
660    0.868858
661    0.868346
662    0.867834
663    0.867323
664    0.866811
665    0.8663
666    0.86579
667    0.865279
668    0.864769
669    0.864259
670    0.86375
671    0.86316
672    0.862556
673    0.861952
674    0.861349
675    0.860746
676    0.860144
677    0.859543
678    0.858942
679    0.858342
680    0.857743
681    0.857144
682    0.856546
683    0.85595
684    0.855353
685    0.854758
686    0.854164
687    0.85357
688    0.852978
689    0.852367
690    0.851689
691    0.851012
692    0.850335
693    0.84966
694    0.848985
695    0.848311
696    0.847638
697    0.846966
698    0.846295
699    0.845624
700    0.844955
701    0.844201
702    0.843443
703    0.842687
704    0.841932
705    0.841178
706    0.840426
707    0.839676
708    0.838926
709    0.838106
710    0.837225
711    0.836347
712    0.83547
713    0.834595
714    0.833722
715    0.83285
716    0.831981
717    0.831113
718    0.830248
719    0.829384
720    0.828523
721    0.827663
722    0.826806
723    0.82595
724    0.825097
725    0.824246
726    0.823397
727    0.822551
728    0.821707
729    0.820864
730    0.819809
731    0.818666
732    0.817523
733    0.816382
734    0.815242
735    0.814103
736    0.812965
737    0.811829
738    0.810694
739    0.809561
740    0.808429
741    0.807298
742    0.806169
743    0.805042
744    0.803916
745    0.802792
746    0.80167
747    0.800549
748    0.799431
749    0.798314
750    0.797199
751    0.796338
752    0.795385
753    0.794367
754    0.79335
755    0.792334
756    0.791318
757    0.790303
758    0.789288
759    0.788275
760    0.787262
761    0.786251
762    0.78524
763    0.78423
764    0.783221
765    0.782213
766    0.781206
767    0.7802
768    0.779196
769    0.778192
770    0.77719
771    0.776189
772    0.77519
773    0.774191
774    0.773194
775    0.772195
776    0.771166
777    0.770136
778    0.769107
779    0.768077
780    0.767047
781    0.766017
782    0.764987
783    0.763956
784    0.762926
785    0.761896
786    0.760866
787    0.759836
788    0.758806
789    0.757776
790    0.756746
791    0.755717
792    0.754687
793    0.753658
794    0.752629
795    0.751601
796    0.750573
797    0.749545
798    0.748517
799    0.747491
800    0.74654
801    0.746106
802    0.745673
803    0.745241
804    0.744812
805    0.744383
806    0.743957
807    0.743532
808    0.743109
809    0.742687
810    0.742268
811    0.741849
812    0.741433
813    0.741018
814    0.740605
815    0.740193
816    0.739783
817    0.739375
818    0.738969
819    0.738564
820    0.738161
821    0.73776
822    0.737361
823    0.736963
824    0.736567
825    0.736234
826    0.736377
827    0.736425
828    0.736365
829    0.736308
830    0.736254
831    0.736204
832    0.736156
833    0.736112
834    0.736071
835    0.736033
836    0.735998
837    0.735966
838    0.735937
839    0.735911
840    0.735889
841    0.73587
842    0.735853
843    0.73584
844    0.735831
845    0.735824
846    0.73582
847    0.73582
848    0.735822
849    0.735828
850    0.735861
851    0.735972
852    0.736087
853    0.736205
854    0.736326
855    0.736451
856    0.736909
857    0.737383
858    0.737863
859    0.738348
860    0.738838
861    0.739333
862    0.739833
863    0.740339
864    0.74085
865    0.741366
866    0.741886
867    0.742413
868    0.742944
869    0.74348
870    0.744022
871    0.744568
872    0.74512
873    0.745677
874    0.746239
875    0.74683
876    0.747852
877    0.748881
878    0.749915
879    0.750956
880    0.752003
881    0.753056
882    0.754116
883    0.755181
884    0.756252
885    0.757329
886    0.758465
887    0.759676
888    0.760891
889    0.762111
890    0.763335
891    0.764564
892    0.765798
893    0.767035
894    0.768277
895    0.769523
896    0.770774
897    0.772029
898    0.773288
899    0.774551
900    0.775781
901    0.776927
902    0.778075
903    0.779226
904    0.780379
905    0.781535
906    0.782694
907    0.783855
908    0.785019
909    0.786185
910    0.787353
911    0.788524
912    0.789697
913    0.790873
914    0.792051
915    0.793231
916    0.794413
917    0.795597
918    0.796783
919    0.798102
920    0.799501
921    0.800902
922    0.802306
923    0.803713
924    0.805123
925    0.806535
926    0.808063
927    0.809623
928    0.81118
929    0.812735
930    0.814287
931    0.815837
932    0.817384
933    0.818929
934    0.820471
935    0.82201
936    0.823546
937    0.82508
938    0.82661
939    0.828138
940    0.829662
941    0.831184
942    0.832702
943    0.834217
944    0.835729
945    0.837238
946    0.838744
947    0.840246
948    0.841744
949    0.84324
950    0.844731
951    0.845812
952    0.846872
953    0.847927
954    0.848855
955    0.8495
956    0.850144
957    0.850787
958    0.851428
959    0.852068
960    0.852707
961    0.853344
962    0.85398
963    0.854614
964    0.855247
965    0.855879
966    0.856509
967    0.857137
968    0.857764
969    0.85839
970    0.859014
971    0.859636
972    0.860257
973    0.860877
974    0.861495
975    0.862111
976    0.862726
977    0.863339
978    0.863951
979    0.864561
980    0.86517
981    0.865777
982    0.866382
983    0.866986
984    0.867588
985    0.868189
986    0.868788
987    0.869385
988    0.869981
989    0.870575
990    0.871167
991    0.871758
992    0.872334
993    0.872841
994    0.873347
995    0.873853
996    0.874357
997    0.87486
998    0.875363
999    0.875864
1000    0.876371
