0.007662	0           	0           0.020020	0           	0           
0.015325	0           	0           0.040040	0           	0           
0.022987	0           	0           0.060060	0           	0           
0.030650	0           	0           0.080080	0           	0           
0.038312	0           	0           0.100100	0           	0           
0.045975	0           	0           0.120120	0           	0           
0.053637	0           	0           0.140140	0           	0           
0.061300	0           	0           0.160160	0           	0           
0.068962	0           	0           0.180180	0           	0           
0.076625	0           	0           0.200200	0           	0           
0.084287	0           	0           0.220220	0           	0           
0.091949	0           	0           0.240240	0           	0           
0.099612	0           	0           0.260260	0           	0           
0.107274	0           	0           0.280280	0           	0           
0.114937	0           	0           0.300300	0           	0           
0.122599	0           	0           0.320320	0           	0           
0.130262	0           	0           0.340340	0           	0           
0.137924	0           	0           0.360360	0           	0           
0.145587	0           	0           0.380380	0           	0           
0.153249	7.7859e-09  	0.028931    0.400400	1.8752e-09  	0.0069679   
0.160912	2.8976e-08  	0.038789    0.420420	6.9787e-09  	0.009342    
0.168574	1.0313e-07  	0.049735    0.440440	2.4839e-08  	0.011978    
0.176236	3.5106e-07  	0.060988    0.460460	8.4549e-08  	0.014689    
0.183899	1.1428e-06  	0.071525    0.480480	2.7524e-07  	0.017226    
0.191561	3.5579e-06  	0.080223    0.500501	8.5689e-07  	0.019321    
0.199224	1.0593e-05  	0.086059    0.520521	2.5513e-06  	0.020727    
0.206886	3.0164e-05  	0.088307    0.540541	7.2647e-06  	0.021268    
0.214549	8.2142e-05  	0.086701    0.560561	1.9783e-05  	0.020881    
0.222211	0.00021392  	0.081512    0.580581	5.1522e-05  	0.019631    
0.229874	0.00053282  	0.073531    0.600601	0.00012832  	0.017709    
0.237536	0.0012692   	0.063996    0.620621	0.00030567  	0.015413    
0.245199	0.0028912   	0.054504    0.640641	0.00069632  	0.013127    
0.252861	0.0062987   	0.047009    0.660661	0.001517    	0.011322    
0.260523	0.013124    	0.043964    0.680681	0.0031607   	0.010588    
0.268186	0.02615     	0.048655    0.700701	0.006298    	0.011718    
0.275848	0.049832    	0.065706    0.720721	0.012002    	0.015825    
0.283511	0.090817    	0.10164     0.740741	0.021873    	0.02448     
0.291173	0.15829     	0.16532     0.760761	0.038122    	0.039815    
0.298836	0.26384     	0.26786     0.780781	0.063544    	0.064511    
0.306498	0.4206      	0.42187     0.800801	0.1013      	0.1016      
0.314161	0.64122     	0.63956     0.820821	0.15443     	0.15403     
0.321823	0.9349      	0.92978     0.840841	0.22516     	0.22393     
0.329486	1.3036      	1.2943      0.860861	0.31396     	0.31173     
0.337148	1.7384      	1.7243      0.880881	0.41867     	0.41529     
0.344810	2.217       	2.198       0.900901	0.53394     	0.52938     
0.352473	2.704       	2.6806      0.920921	0.65123     	0.64559     
0.360135	3.154       	3.1275      0.940941	0.75962     	0.75323     
0.367798	3.5184      	3.4909      0.960961	0.84738     	0.84076     
0.375460	3.7536      	3.728       0.980981	0.90402     	0.89786     
0.383123	3.8297      	3.8092      1.001001	0.92236     	0.91742     
0.390785	3.7369      	3.7245      1.021021	0.9         	0.89702     
0.398448	3.4871      	3.4853      1.041041	0.83985     	0.83941     
0.406110	3.1121      	3.1222      1.061061	0.74952     	0.75195     
0.413773	2.6562      	2.6783      1.081081	0.63971     	0.64504     
0.421435	2.1681      	2.2012      1.101101	0.52216     	0.53014     
0.429097	1.6925      	1.7345      1.121121	0.40761     	0.41773     
0.436760	1.2635      	1.3117      1.141141	0.30431     	0.31592     
0.444422	0.90211     	0.95365     1.161161	0.21727     	0.22968     
0.452085	0.61598     	0.66811     1.181181	0.14835     	0.16091     
0.459747	0.40224     	0.45273     1.201201	0.096876    	0.10904     
0.467410	0.25121     	0.29847     1.221221	0.060501    	0.071885    
0.475072	0.15003     	0.19319     1.241241	0.036135    	0.046529    
0.482735	0.085699    	0.12451     1.261261	0.02064     	0.029987    
0.490397	0.046815    	0.081593    1.281281	0.011275    	0.019651    
0.498059	0.024459    	0.05592     1.301301	0.0058908   	0.013468    
0.505722	0.012224    	0.041354    1.321321	0.0029441   	0.0099597   
0.513384	0.0058494   	0.033772    1.341341	0.0014088   	0.0081338   
0.521047	0.0026904   	0.030567    1.361361	0.00064795  	0.0073618   
0.528709	0.001211    	0.030154    1.381381	0.00029165  	0.0072623   
0.536372	0.00057598  	0.031589    1.401401	0.00013872  	0.0076079   
0.544034	0.00036562  	0.034299    1.421421	8.8056e-05  	0.0082606   
0.551697	0.00039639  	0.037916    1.441441	9.5467e-05  	0.0091319   
0.559359	0.0006205   	0.04219     1.461461	0.00014944  	0.010161    
0.567022	0.0010788   	0.046942    1.481481	0.00025981  	0.011306    
0.574684	0.0018877   	0.052069    1.501502	0.00045464  	0.01254     
0.582346	0.0032491   	0.057549    1.521522	0.00078253  	0.01386     
0.590009	0.0054752   	0.063483    1.541542	0.0013187   	0.015289    
0.597671	0.0090248   	0.070129    1.561562	0.0021735   	0.01689     
0.605334	0.014548    	0.077957    1.581582	0.0035037   	0.018775    
0.612996	0.022933    	0.087702    1.601602	0.0055233   	0.021122    
0.620659	0.035355    	0.10041     1.621622	0.008515    	0.024183    
0.628321	0.053303    	0.11748     1.641642	0.012838    	0.028294    
0.635984	0.078588    	0.14066     1.661662	0.018927    	0.033877    
0.643646	0.11331     	0.17202     1.681682	0.02729     	0.04143     
0.651309	0.15977     	0.21387     1.701702	0.038479    	0.051508    
0.658971	0.22031     	0.26857     1.721722	0.053059    	0.064683    
0.666633	0.29708     	0.33835     1.741742	0.071549    	0.08149     
0.674296	0.39177     	0.425       1.761762	0.094354    	0.10236     
0.681958	0.50523     	0.52952     1.781782	0.12168     	0.12753     
0.689621	0.63719     	0.65181     1.801802	0.15346     	0.15698     
0.697283	0.78588     	0.79034     1.821822	0.18927     	0.19035     
0.704946	0.94787     	0.942       1.841842	0.22829     	0.22687     
0.712608	1.118       	1.102       1.861862	0.26927     	0.2654      
0.720271	1.2896      	1.2639      1.881882	0.3106      	0.30441     
0.727933	1.4548      	1.4203      1.901902	0.35037     	0.34207     
0.735596	1.6048      	1.563       1.921922	0.38651     	0.37643     
0.743258	1.7313      	1.6838      1.941942	0.41697     	0.40552     
0.750920	1.8266      	1.7753      1.961962	0.43991     	0.42756     
0.758583	1.8845      	1.8317      1.981982	0.45387     	0.44114     
0.766245	1.9014      	1.8493      2.002002	0.45794     	0.44538     
0.773908	1.8761      	1.8269      2.022022	0.45185     	0.43999     
0.781570	1.8103      	1.766       2.042042	0.436       	0.42532     
0.789233	1.7083      	1.6706      2.062062	0.41143     	0.40234     
0.796895	1.5764      	1.5466      2.082082	0.37967     	0.37248     
0.804558	1.4227      	1.4015      2.102102	0.34264     	0.33754     
0.812220	1.2556      	1.2434      2.122122	0.30239     	0.29947     
0.819883	1.0836      	1.0804      2.142142	0.26099     	0.26021     
0.827545	0.91463     	0.91977     2.162162	0.22028     	0.22152     
0.835207	0.75494     	0.76761     2.182182	0.18182     	0.18487     
0.842870	0.60939     	0.62851     2.202202	0.14677     	0.15137     
0.850532	0.48105     	0.50542     2.222222	0.11586     	0.12173     
0.858195	0.37136     	0.39976     2.242242	0.08944     	0.09628     
0.865857	0.28038     	0.31163     2.262262	0.067527    	0.075054    
0.873520	0.20704     	0.24009     2.282282	0.049863    	0.057823    
0.881182	0.14955     	0.1835      2.302302	0.036017    	0.044194    
0.888845	0.10571     	0.13984     2.322322	0.025458    	0.033679    
0.896507	0.073181    	0.10696     2.342342	0.017625    	0.025761    
0.904170	0.049731    	0.08281     2.362362	0.011977    	0.019944    
0.911832	0.033345    	0.065528    2.382382	0.008031    	0.015782    
0.919494	0.022333    	0.053556    2.402402	0.0053787   	0.012898    
0.927157	0.015347    	0.045652    2.422422	0.0036961   	0.010995    
0.934819	0.011383    	0.040883    2.442442	0.0027415   	0.0098463   
0.942482	0.0097504   	0.0386      2.462462	0.0023483   	0.0092965   
0.950144	0.010036    	0.038402    2.482482	0.002417    	0.0092489   
0.957807	0.012063    	0.040101    2.502503	0.0029053   	0.0096581   
0.965469	0.015859    	0.043688    2.522523	0.0038195   	0.010522    
0.973132	0.021623    	0.049307    2.542543	0.0052078   	0.011875    
0.980794	0.029702    	0.057232    2.562563	0.0071534   	0.013784    
0.988457	0.040563    	0.067851    2.582583	0.0097694   	0.016341    
0.996119	0.054777    	0.081642    2.602603	0.013193    	0.019663    
1.003781	0.072982    	0.099148    2.622623	0.017577    	0.023879    
1.011444	0.095854    	0.12095     2.642643	0.023086    	0.02913     
1.019106	0.12406     	0.14764     2.662663	0.029879    	0.035557    
1.026769	0.15821     	0.17973     2.682683	0.038104    	0.043286    
1.034431	0.19879     	0.21766     2.702703	0.047876    	0.052421    
1.042094	0.24609     	0.26168     2.722723	0.059268    	0.063023    
1.049756	0.30014     	0.31182     2.742743	0.072287    	0.075099    
1.057419	0.36067     	0.36781     2.762763	0.086864    	0.088584    
1.065081	0.427       	0.42905     2.782783	0.10284     	0.10333     
1.072744	0.49807     	0.49455     2.802803	0.11996     	0.11911     
1.080406	0.57238     	0.56295     2.822823	0.13785     	0.13558     
1.088068	0.64808     	0.63255     2.842843	0.15608     	0.15234     
1.095731	0.72295     	0.70132     2.862863	0.17412     	0.16891     
1.103393	0.79456     	0.76703     2.882883	0.19136     	0.18473     
1.111056	0.86038     	0.82735     2.902903	0.20722     	0.19926     
1.118718	0.91789     	0.87996     2.922923	0.22107     	0.21193     
1.126381	0.96479     	0.92276     2.942943	0.23236     	0.22224     
1.134043	0.99911     	0.95393     2.962963	0.24063     	0.22975     
1.141706	1.0194      	0.97212     2.982983	0.24551     	0.23413     
1.149368	1.0247      	0.9765      3.003003	0.24679     	0.23518     
1.157031	1.0148      	0.96686     3.023023	0.24441     	0.23286     
1.164693	0.99023     	0.94361     3.043043	0.23849     	0.22726     
1.172355	0.95196     	0.90775     3.063063	0.22927     	0.21862     
1.180018	0.90166     	0.86077     3.083083	0.21716     	0.20731     
1.187680	0.8414      	0.80462     3.103103	0.20264     	0.19379     
1.195343	0.77359     	0.74148     3.123123	0.18631     	0.17858     
1.203005	0.70074     	0.67371     3.143143	0.16877     	0.16226     
1.210668	0.62538     	0.60362     3.163163	0.15062     	0.14538     
1.218330	0.5499      	0.53342     3.183183	0.13244     	0.12847     
1.225993	0.47641     	0.46505     3.203203	0.11474     	0.112       
1.233655	0.40667     	0.40014     3.223223	0.097943    	0.096371    
1.241318	0.34206     	0.33996     3.243243	0.082381    	0.081876    
1.248980	0.28352     	0.28538     3.263263	0.068283    	0.06873     
1.256642	0.23162     	0.23691     3.283283	0.055784    	0.057058    
1.264305	0.18657     	0.19475     3.303303	0.044933    	0.046904    
1.271967	0.14826     	0.15881     3.323323	0.035708    	0.038247    
1.279630	0.11638     	0.12878     3.343343	0.028029    	0.031015    
1.287292	0.090429    	0.10421     3.363363	0.021779    	0.025099    
1.294955	0.069836    	0.084589    3.383383	0.016819    	0.020373    
1.302617	0.053986    	0.069339    3.403403	0.013002    	0.0167      
1.310280	0.042285    	0.057921    3.423423	0.010184    	0.01395     
1.317942	0.034191    	0.04984     3.443443	0.0082345   	0.012003    
1.325605	0.029242    	0.044676    3.463463	0.0070427   	0.01076     
1.333267	0.027074    	0.042099    3.483483	0.0065206   	0.010139    
1.340929	0.027425    	0.041868    3.503504	0.0066051   	0.010083    
1.348592	0.03013     	0.043835    3.523524	0.0072567   	0.010557    
1.356254	0.035119    	0.047936    3.543544	0.0084581   	0.011545    
1.363917	0.042397    	0.054174    3.563564	0.010211    	0.013047    
1.371579	0.05203     	0.062607    3.583584	0.012531    	0.015078    
1.379242	0.064127    	0.073331    3.603604	0.015444    	0.017661    
1.386904	0.078813    	0.086454    3.623624	0.018981    	0.020822    
1.394567	0.09621     	0.10208     3.643644	0.023171    	0.024586    
1.402229	0.11641     	0.12029     3.663664	0.028036    	0.028971    
1.409891	0.13945     	0.14111     3.683684	0.033586    	0.033986    
1.417554	0.16531     	0.1645      3.703704	0.039812    	0.039619    
1.425216	0.19384     	0.19034     3.723724	0.046684    	0.045842    
1.432879	0.2248      	0.2184      3.743744	0.054142    	0.052599    
1.440541	0.25785     	0.24833     3.763764	0.0621      	0.059809    
1.448204	0.29248     	0.2797      3.783784	0.070441    	0.067365    
1.455866	0.32808     	0.31195     3.803804	0.079016    	0.07513     
1.463529	0.36395     	0.34441     3.823824	0.087654    	0.082948    
1.471191	0.39926     	0.37634     3.843844	0.096157    	0.090638    
1.478854	0.43313     	0.40694     3.863864	0.10432     	0.098009    
1.486516	0.46467     	0.4354      3.883884	0.11191     	0.10486     
1.494178	0.49297     	0.4609      3.903904	0.11873     	0.111       
1.501841	0.51719     	0.48268     3.923924	0.12456     	0.11625     
1.509503	0.53659     	0.50005     3.943944	0.12923     	0.12043     
1.517166	0.55054     	0.51246     3.963964	0.13259     	0.12342     
1.524828	0.55858     	0.5195      3.983984	0.13453     	0.12512     
1.532491	0.56045     	0.52093     4.004004	0.13498     	0.12546     
1.540153	0.5561      	0.51669     4.024024	0.13393     	0.12444     
1.547816	0.54565     	0.50694     4.044044	0.13142     	0.12209     
1.555478	0.52947     	0.49197     4.064064	0.12752     	0.11849     
1.563141	0.50807     	0.47228     4.084084	0.12236     	0.11374     
1.570803	0.48213     	0.44848     4.104104	0.11612     	0.10801     
1.578465	0.45245     	0.42129     4.124124	0.10897     	0.10146     
1.586128	0.4199      	0.39151     4.144144	0.10113     	0.094292    
1.593790	0.38538     	0.35996     4.164164	0.092816    	0.086694    
1.601453	0.3498      	0.32747     4.184184	0.084247    	0.078868    
1.609115	0.31403     	0.2948      4.204204	0.07563     	0.071001    
1.616778	0.27883     	0.26268     4.224224	0.067155    	0.063265    
1.624440	0.24491     	0.23173     4.244244	0.058985    	0.05581     
1.632103	0.21284     	0.20246     4.264264	0.05126     	0.048761    
1.639765	0.18306     	0.17528     4.284284	0.044088    	0.042215    
1.647428	0.1559      	0.15049     4.304304	0.037548    	0.036244    
1.655090	0.13158     	0.12826     4.324324	0.03169     	0.030891    
1.662752	0.11019     	0.1087      4.344344	0.026539    	0.026181    
1.670415	0.091758    	0.091819    4.364364	0.022099    	0.022114    
1.678077	0.076219    	0.077555    4.384384	0.018357    	0.018678    
1.685740	0.063465    	0.065811    4.404404	0.015285    	0.01585     
1.693402	0.053355    	0.056454    4.424424	0.01285     	0.013596    
1.701065	0.045726    	0.049337    4.444444	0.011013    	0.011882    
1.708727	0.040415    	0.044308    4.464464	0.0097336   	0.010671    
1.716390	0.037264    	0.041225    4.484484	0.0089746   	0.0099286   
1.724052	0.036131    	0.039957    4.504505	0.0087018   	0.0096233   
1.731715	0.036895    	0.040393    4.524525	0.0088858   	0.0097284   
1.739377	0.039455    	0.042442    4.544545	0.0095025   	0.010222    
1.747039	0.043731    	0.046029    4.564565	0.010532    	0.011086    
1.754702	0.049657    	0.051095    4.584585	0.01196     	0.012306    
1.762364	0.057179    	0.05759     4.604605	0.013771    	0.01387     
1.770027	0.066245    	0.065467    4.624625	0.015954    	0.015767    
1.777689	0.076796    	0.074674    4.644645	0.018496    	0.017985    
1.785352	0.088763    	0.085148    4.664665	0.021378    	0.020507    
1.793014	0.10205     	0.096807    4.684685	0.024579    	0.023315    
1.800677	0.11655     	0.10954     4.704705	0.02807     	0.026383    
1.808339	0.1321      	0.12322     4.724725	0.031814    	0.029677    
1.816002	0.1485      	0.13768     4.744745	0.035766    	0.033158    
1.823664	0.16555     	0.1527      4.764765	0.039871    	0.036776    
1.831326	0.18296     	0.16805     4.784785	0.044064    	0.040473    
1.838989	0.20044     	0.18347     4.804805	0.048273    	0.044187    
1.846651	0.21765     	0.19866     4.824825	0.05242     	0.047846    
1.854314	0.23426     	0.21332     4.844845	0.056421    	0.051376    
1.861976	0.24991     	0.22712     4.864865	0.060189    	0.0547      
1.869639	0.26424     	0.23975     4.884885	0.06364     	0.057742    
1.877301	0.27691     	0.25092     4.904905	0.066692    	0.060431    
1.884964	0.28762     	0.26033     4.924925	0.06927     	0.062699    
1.892626	0.29608     	0.26776     4.944945	0.071309    	0.064487    
1.900289	0.30209     	0.273       4.964965	0.072755    	0.065751    
1.907951	0.30548     	0.27593     4.984985	0.073572    	0.066454    
1.915613	0.30617     	0.27645     5.005005	0.073738    	0.06658     
1.923276	0.30413     	0.27455     5.025025	0.073248    	0.066123    
1.930938	0.29943     	0.27028     5.045045	0.072115    	0.065095    
1.938601	0.29219     	0.26376     5.065065	0.070371    	0.063524    
1.946263	0.28259     	0.25515     5.085085	0.06806     	0.061451    
1.953926	0.27089     	0.24467     5.105105	0.065242    	0.058927    
1.961588	0.25739     	0.23259     5.125125	0.061989    	0.056017    
1.969251	0.2424      	0.21919     5.145145	0.058379    	0.05279     
1.976913	0.22628     	0.20479     5.165165	0.054498    	0.049323    
1.984576	0.20939     	0.18971     5.185185	0.050431    	0.045691    
1.992238	0.1921      	0.17427     5.205205	0.046265    	0.041971    
1.999900	0.17473     	0.15876     5.225225	0.042081    	0.038236    
2.007563	0.1576      	0.14347     5.245245	0.037957    	0.034553    
2.015225	0.14101     	0.12865     5.265265	0.033961    	0.030985    
2.022888	0.1252      	0.11452     5.285285	0.030153    	0.027582    
2.030550	0.11037     	0.10127     5.305305	0.026582    	0.02439     
2.038213	0.096691    	0.089037    5.325325	0.023287    	0.021444    
2.045875	0.084286    	0.077929    5.345345	0.0203      	0.018769    
2.053538	0.073238    	0.068023    5.365365	0.017639    	0.016383    
2.061200	0.063598    	0.059362    5.385385	0.015317    	0.014297    
2.068863	0.055386    	0.051963    5.405405	0.013339    	0.012515    
2.076525	0.048598    	0.04582     5.425425	0.011704    	0.011035    
2.084187	0.043208    	0.040911    5.445445	0.010406    	0.0098531   
2.091850	0.039179    	0.0372      5.465465	0.009436    	0.0089594   
2.099512	0.036462    	0.034644    5.485485	0.0087815   	0.0083438   
2.107175	0.035001    	0.033192    5.505506	0.0084296   	0.007994    
2.114837	0.034737    	0.032791    5.525526	0.0083662   	0.0078975   
2.122500	0.03561     	0.033387    5.545546	0.0085765   	0.0080409   
2.130162	0.037559    	0.034924    5.565566	0.0090457   	0.008411    
2.137825	0.040519    	0.037346    5.585586	0.0097586   	0.0089944   
2.145487	0.044427    	0.040596    5.605606	0.0107      	0.0097773   
2.153150	0.049216    	0.044616    5.625626	0.011853    	0.010745    
2.160812	0.054813    	0.049342    5.645646	0.013201    	0.011884    
2.168474	0.061142    	0.054705    5.665666	0.014725    	0.013175    
2.176137	0.068114    	0.060631    5.685686	0.016405    	0.014602    
2.183799	0.075636    	0.067036    5.705706	0.018216    	0.016145    
2.191462	0.083601    	0.07383     5.725726	0.020135    	0.017781    
2.199124	0.091892    	0.080909    5.745746	0.022131    	0.019486    
2.206787	0.10038     	0.088165    5.765766	0.024176    	0.021234    
2.214449	0.10893     	0.095477    5.785786	0.026235    	0.022995    
2.222112	0.1174      	0.10272     5.805806	0.028274    	0.024739    
2.229774	0.12563     	0.10976     5.825826	0.030256    	0.026436    
2.237437	0.13347     	0.11648     5.845846	0.032145    	0.028052    
2.245099	0.14077     	0.12273     5.865866	0.033904    	0.029558    
2.252761	0.14739     	0.12839     5.885886	0.035498    	0.030921    
2.260424	0.15319     	0.13334     5.905906	0.036894    	0.032114    
2.268086	0.15804     	0.13748     5.925926	0.038062    	0.03311     
2.275749	0.16184     	0.14071     5.945946	0.038978    	0.033889    
2.283411	0.16451     	0.14297     5.965966	0.039621    	0.034433    
2.291074	0.16599     	0.1442      5.985986	0.039977    	0.03473     
2.298736	0.16624     	0.14438     6.006006	0.040038    	0.034772    
2.306399	0.16527     	0.14349     6.026026	0.039803    	0.034558    
2.314061	0.16309     	0.14156     6.046046	0.039278    	0.034094    
2.321723	0.15975     	0.13864     6.066066	0.038474    	0.033389    
2.329386	0.15533     	0.13478     6.086086	0.03741     	0.03246     
2.337048	0.14992     	0.13007     6.106106	0.036108    	0.031325    
2.344711	0.14365     	0.12461     6.126126	0.034597    	0.03001     
2.352373	0.13664     	0.11851     6.146146	0.032909    	0.028542    
2.360036	0.12904     	0.1119      6.166166	0.031078    	0.026951    
2.367698	0.12099     	0.10491     6.186186	0.029141    	0.025268    
2.375361	0.11266     	0.097674    6.206206	0.027133    	0.023524    
2.383023	0.10418     	0.090312    6.226226	0.02509     	0.021751    
2.390686	0.0957      	0.082952    6.246246	0.023048    	0.019978    
2.398348	0.087359    	0.075711    6.266266	0.02104     	0.018234    
2.406010	0.07928     	0.068696    6.286286	0.019094    	0.016545    
2.413673	0.07157     	0.062002    6.306306	0.017237    	0.014933    
2.421335	0.064326    	0.055711    6.326326	0.015492    	0.013417    
2.428998	0.057626    	0.049889    6.346346	0.013879    	0.012015    
2.436660	0.051534    	0.044593    6.366366	0.012411    	0.01074     
2.444323	0.046097    	0.039862    6.386386	0.011102    	0.0096005   
2.451985	0.041349    	0.035727    6.406406	0.0099586   	0.0086046   
2.459648	0.037312    	0.032204    6.426426	0.0089862   	0.0077561   
2.467310	0.033993    	0.029301    6.446446	0.008187    	0.0070568   
2.474973	0.031393    	0.027016    6.466466	0.0075607   	0.0065065   
2.482635	0.0295      	0.02534     6.486486	0.0071048   	0.0061029   
2.490297	0.028297    	0.024258    6.506507	0.006815    	0.0058422   
2.497960	0.02776     	0.023748    6.526527	0.0066858   	0.0057195   
2.505622	0.027861    	0.023786    6.546547	0.0067101   	0.0057286   
2.513285	0.028565    	0.024342    6.566567	0.0068798   	0.0058625   
2.520947	0.029836    	0.025383    6.586587	0.0071859   	0.0061133   
2.528610	0.031633    	0.026875    6.606607	0.0076184   	0.0064726   
2.536272	0.033909    	0.028778    6.626627	0.0081668   	0.0069309   
2.543935	0.036619    	0.031051    6.646647	0.0088193   	0.0074784   
2.551597	0.039709    	0.03365     6.666667	0.0095636   	0.0081044   
2.559260	0.043125    	0.036528    6.686687	0.010386    	0.0087975   
2.566922	0.046808    	0.039634    6.706707	0.011273    	0.0095456   
2.574584	0.050697    	0.042916    6.726727	0.01221     	0.010336    
2.582247	0.054725    	0.046319    6.746747	0.01318     	0.011155    
2.589909	0.058826    	0.049783    6.766767	0.014168    	0.01199     
2.597572	0.06293     	0.053251    6.786787	0.015156    	0.012825    
2.605234	0.066965    	0.056662    6.806807	0.016128    	0.013647    
2.612897	0.07086     	0.059956    6.826827	0.017066    	0.01444     
2.620559	0.074546    	0.063073    6.846847	0.017954    	0.01519     
2.628222	0.077956    	0.065956    6.866867	0.018775    	0.015885    
2.635884	0.081025    	0.068552    6.886887	0.019514    	0.01651     
2.643547	0.083697    	0.070811    6.906907	0.020158    	0.017054    
2.651209	0.085919    	0.072691    6.926927	0.020693    	0.017507    
2.658871	0.087649    	0.074154    6.946947	0.021109    	0.017859    
2.666534	0.088852    	0.075172    6.966967	0.021399    	0.018104    
2.674196	0.089507    	0.075725    6.986987	0.021557    	0.018238    
2.681859	0.089598    	0.075802    7.007007	0.021579    	0.018256    
2.689521	0.089126    	0.075402    7.027027	0.021465    	0.01816     
2.697184	0.088099    	0.074533    7.047047	0.021218    	0.017951    
2.704846	0.086538    	0.073212    7.067067	0.020842    	0.017632    
2.712509	0.084475    	0.071465    7.087087	0.020345    	0.017212    
2.720171	0.081948    	0.069327    7.107107	0.019736    	0.016697    
2.727834	0.079006    	0.066837    7.127127	0.019028    	0.016097    
2.735496	0.075705    	0.064043    7.147147	0.018233    	0.015424    
2.743158	0.072105    	0.060995    7.167167	0.017366    	0.01469     
2.750821	0.068269    	0.057748    7.187187	0.016442    	0.013908    
2.758483	0.064265    	0.054358    7.207207	0.015478    	0.013092    
2.766146	0.060157    	0.05088     7.227227	0.014488    	0.012254    
2.773808	0.056012    	0.04737     7.247247	0.01349     	0.011409    
2.781471	0.051893    	0.04388     7.267267	0.012498    	0.010568    
2.789133	0.047859    	0.040462    7.287287	0.011527    	0.009745    
2.796796	0.043965    	0.037161    7.307307	0.010588    	0.00895     
2.804458	0.040258    	0.034019    7.327327	0.0096959   	0.0081931   
2.812121	0.036784    	0.031071    7.347347	0.0088591   	0.0074832   
2.819783	0.033578    	0.028349    7.367367	0.0080869   	0.0068275   
2.827445	0.03067     	0.025878    7.387387	0.0073867   	0.0062324   
2.835108	0.028085    	0.023678    7.407407	0.006764    	0.0057026   
2.842770	0.02584     	0.021763    7.427427	0.0062233   	0.0052415   
2.850433	0.023946    	0.020144    7.447447	0.0057671   	0.0048516   
2.858095	0.022408    	0.018825    7.467467	0.0053969   	0.0045339   
2.865758	0.021229    	0.017807    7.487487	0.0051128   	0.0042886   
2.873420	0.020403    	0.017085    7.507508	0.0049138   	0.0041147   
2.881083	0.019922    	0.016652    7.527528	0.004798    	0.0040105   
2.888745	0.019773    	0.016499    7.547548	0.0047622   	0.0039736   
2.896408	0.019942    	0.016611    7.567568	0.0048028   	0.0040006   
2.904070	0.020408    	0.016973    7.587588	0.0049151   	0.0040878   
2.911732	0.021151    	0.017567    7.607608	0.005094    	0.0042308   
2.919395	0.022145    	0.018371    7.627628	0.0053335   	0.0044246   
2.927057	0.023365    	0.019365    7.647648	0.0056274   	0.0046639   
2.934720	0.024783    	0.020524    7.667668	0.0059687   	0.0049429   
2.942382	0.026367    	0.021822    7.687688	0.0063502   	0.0052556   
2.950045	0.028086    	0.023234    7.707708	0.0067642   	0.0055956   
2.957707	0.029906    	0.024731    7.727728	0.0072027   	0.0059563   
2.965370	0.031795    	0.026286    7.747748	0.0076576   	0.0063307   
2.973032	0.033717    	0.027869    7.767768	0.0081206   	0.006712    
2.980695	0.035638    	0.029452    7.787788	0.0085831   	0.0070933   
2.988357	0.037523    	0.031006    7.807808	0.009037    	0.0074675   
2.996019	0.039337    	0.032502    7.827828	0.009474    	0.0078279   
3.003682	0.041049    	0.033914    7.847848	0.0098862   	0.008168    
3.011344	0.042627    	0.035216    7.867868	0.010266    	0.0084816   
3.019007	0.044042    	0.036385    7.887888	0.010607    	0.0087629   
3.026669	0.045269    	0.037397    7.907908	0.010903    	0.0090069   
3.034332	0.046286    	0.038236    7.927928	0.011148    	0.0092089   
3.041994	0.047073    	0.038886    7.947948	0.011337    	0.0093653   
3.049657	0.047616    	0.039334    7.967968	0.011468    	0.0094732   
3.057319	0.047904    	0.039572    7.987988	0.011537    	0.0095305   
3.064982	0.047933    	0.039595    8.008008	0.011544    	0.0095362   
3.072644	0.047702    	0.039404    8.028028	0.011489    	0.00949     
3.080306	0.047214    	0.039       8.048048	0.011371    	0.0093929   
3.087969	0.046479    	0.038392    8.068068	0.011194    	0.0092464   
3.095631	0.045509    	0.03759     8.088088	0.01096     	0.0090533   
3.103294	0.044321    	0.036608    8.108108	0.010674    	0.0088168   
3.110956	0.042936    	0.035463    8.128128	0.010341    	0.008541    
3.118619	0.041377    	0.034175    8.148148	0.0099654   	0.0082306   
3.126281	0.039671    	0.032764    8.168168	0.0095545   	0.0078909   
3.133944	0.037846    	0.031254    8.188188	0.0091148   	0.0075274   
3.141606	0.03593     	0.02967     8.208208	0.0086534   	0.0071458   
3.149268	0.033954    	0.028035    8.228228	0.0081774   	0.006752    
3.156931	0.031946    	0.026374    8.248248	0.007694    	0.0063521   
3.164593	0.029937    	0.024712    8.268268	0.00721     	0.0059516   
3.172256	0.027953    	0.02307     8.288288	0.0067324   	0.0055561   
3.179918	0.026022    	0.02147     8.308308	0.0062673   	0.0051709   
3.187581	0.024168    	0.019933    8.328328	0.0058206   	0.0048008   
3.195243	0.022411    	0.018477    8.348348	0.0053975   	0.00445     
3.202906	0.020772    	0.017117    8.368368	0.0050028   	0.0041225   
3.210568	0.019267    	0.015867    8.388388	0.0046404   	0.0038214   
3.218231	0.01791     	0.014738    8.408408	0.0043135   	0.0035495   
3.225893	0.016711    	0.013739    8.428428	0.0040248   	0.0033089   
3.233555	0.015679    	0.012876    8.448448	0.0037761   	0.0031011   
3.241218	0.014817    	0.012154    8.468468	0.0035686   	0.0029271   
3.248880	0.01413     	0.011574    8.488488	0.003403    	0.0027874   
3.256543	0.013615    	0.011136    8.508509	0.0032791   	0.002682    
3.264205	0.013272    	0.010838    8.528529	0.0031964   	0.0026103   
3.271868	0.013094    	0.010676    8.548549	0.0031536   	0.0025713   
3.279530	0.013075    	0.010645    8.568569	0.0031491   	0.0025636   
3.287193	0.013207    	0.010736    8.588589	0.0031808   	0.0025857   
3.294855	0.013478    	0.010942    8.608609	0.0032462   	0.0026353   
3.302518	0.013878    	0.011253    8.628629	0.0033423   	0.0027101   
3.310180	0.014392    	0.011658    8.648649	0.0034661   	0.0028076   
3.317842	0.015006    	0.012145    8.668669	0.003614    	0.0029249   
3.325505	0.015705    	0.012701    8.688689	0.0037824   	0.003059    
3.333167	0.016473    	0.013315    8.708709	0.0039673   	0.0032067   
3.340830	0.017293    	0.013971    8.728729	0.0041649   	0.0033648   
3.348492	0.018149    	0.014657    8.748749	0.004371    	0.00353     
3.356155	0.019023    	0.015358    8.768769	0.0045815   	0.0036989   
3.363817	0.019898    	0.016061    8.788789	0.0047922   	0.0038682   
3.371480	0.020757    	0.016752    8.808809	0.0049992   	0.0040345   
3.379142	0.021585    	0.017417    8.828829	0.0051986   	0.0041949   
3.386805	0.022366    	0.018045    8.848849	0.0053866   	0.0043461   
3.394467	0.023084    	0.018624    8.868869	0.0055597   	0.0044854   
3.402129	0.023728    	0.019142    8.888889	0.0057147   	0.0046101   
3.409792	0.024285    	0.01959     8.908909	0.0058488   	0.004718    
3.417454	0.024744    	0.01996     8.928929	0.0059595   	0.0048071   
3.425117	0.025098    	0.020244    8.948949	0.0060446   	0.0048757   
3.432779	0.025339    	0.020438    8.968969	0.0061028   	0.0049224   
3.440442	0.025464    	0.020538    8.988989	0.0061327   	0.0049464   
3.448104	0.025468    	0.020541    9.009009	0.0061338   	0.0049472   
3.455767	0.025353    	0.020448    9.029029	0.006106    	0.0049247   
3.463429	0.025119    	0.020259    9.049049	0.0060497   	0.0048792   
3.471092	0.024771    	0.019977    9.069069	0.0059658   	0.0048114   
3.478754	0.024313    	0.019607    9.089089	0.0058555   	0.0047223   
3.486416	0.023753    	0.019155    9.109109	0.0057206   	0.0046134   
3.494079	0.0231      	0.018628    9.129129	0.0055634   	0.0044863   
3.501741	0.022364    	0.018033    9.149149	0.0053861   	0.0043432   
3.509404	0.021556    	0.017381    9.169169	0.0051917   	0.0041861   
3.517066	0.02069     	0.016681    9.189189	0.0049829   	0.0040175   
3.524729	0.019777    	0.015944    9.209209	0.0047631   	0.0038399   
3.532391	0.018831    	0.015179    9.229229	0.0045354   	0.0036558   
3.540054	0.017866    	0.014399    9.249249	0.0043029   	0.0034679   
3.547716	0.016895    	0.013614    9.269269	0.004069    	0.0032788   
3.555379	0.015931    	0.012834    9.289289	0.0038368   	0.0030909   
3.563041	0.014985    	0.012069    9.309309	0.0036091   	0.0029067   
3.570703	0.014071    	0.011328    9.329329	0.0033889   	0.0027284   
3.578366	0.013198    	0.010621    9.349349	0.0031787   	0.002558    
3.586028	0.012376    	0.0099545   9.369369	0.0029808   	0.0023975   
3.593691	0.011614    	0.0093355   9.389389	0.0027971   	0.0022484   
3.601353	0.010918    	0.0087698   9.409409	0.0026296   	0.0021121   
3.609016	0.010295    	0.008262    9.429429	0.0024795   	0.0019898   
3.616678	0.0097487   	0.0078159   9.449449	0.0023479   	0.0018824   
3.624341	0.0092826   	0.0074339   9.469469	0.0022356   	0.0017904   
3.632003	0.0088985   	0.0071176   9.489489	0.0021431   	0.0017142   
3.639666	0.0085971   	0.0068674   9.509510	0.0020705   	0.001654    
3.647328	0.0083777   	0.0066829   9.529530	0.0020177   	0.0016095   
3.654990	0.0082384   	0.0065626   9.549550	0.0019842   	0.0015805   
3.662653	0.0081766   	0.0065042   9.569570	0.0019693   	0.0015665   
3.670315	0.0081882   	0.0065047   9.589590	0.0019721   	0.0015666   
3.677978	0.0082686   	0.0065602   9.609610	0.0019914   	0.00158     
3.685640	0.0084122   	0.0066664   9.629630	0.002026    	0.0016056   
3.693303	0.0086127   	0.0068182   9.649650	0.0020743   	0.0016421   
3.700965	0.0088632   	0.0070102   9.669670	0.0021346   	0.0016883   
3.708628	0.0091564   	0.0072364   9.689690	0.0022052   	0.0017428   
3.716290	0.0094845   	0.0074907   9.709710	0.0022843   	0.0018041   
3.723953	0.0098395   	0.0077668   9.729730	0.0023698   	0.0018706   
3.731615	0.010213    	0.0080581   9.749750	0.0024598   	0.0019407   
3.739277	0.010597    	0.008358    9.769770	0.0025523   	0.002013    
3.746940	0.010984    	0.0086601   9.789790	0.0026453   	0.0020857   
3.754602	0.011364    	0.0089579   9.809810	0.002737    	0.0021574   
3.762265	0.011731    	0.0092454   9.829830	0.0028253   	0.0022267   
3.769927	0.012077    	0.0095165   9.849850	0.0029087   	0.002292    
3.777590	0.012395    	0.009766    9.869870	0.0029853   	0.0023521   
3.785252	0.012679    	0.0099886   9.889890	0.0030536   	0.0024057   
3.792915	0.012923    	0.01018     9.909910	0.0031124   	0.0024518   
3.800577	0.013122    	0.010336    9.929930	0.0031604   	0.0024894   
3.808240	0.013272    	0.010454    9.949950	0.0031965   	0.0025178   
3.815902	0.01337     	0.010531    9.969970	0.0032201   	0.0025362   
3.823564	0.013413    	0.010564    9.989990	0.0032305   	0.0025444   
3.831227	0.0134      	0.010554    10.010010	0.0032274   	0.0025418   
3.838889	0.013331    	0.010499    10.030030	0.0032106   	0.0025286   
3.846552	0.013204    	0.010399    10.050050	0.0031802   	0.0025046   
3.854214	0.013023    	0.010256    10.070070	0.0031364   	0.0024701   
3.861877	0.012788    	0.010071    10.090090	0.0030798   	0.0024255   
3.869539	0.012502    	0.0098459   10.110110	0.003011    	0.0023713   
3.877202	0.012169    	0.0095836   10.130130	0.0029308   	0.0023081   
3.884864	0.011793    	0.0092873   10.150150	0.0028402   	0.0022368   
3.892527	0.011378    	0.0089603   10.170170	0.0027402   	0.002158    
3.900189	0.010929    	0.0086067   10.190190	0.0026321   	0.0020728   
3.907851	0.010451    	0.0082304   10.210210	0.002517    	0.0019822   
3.915514	0.0099497   	0.0078356   10.230230	0.0023963   	0.0018871   
3.923176	0.0094304   	0.0074267   10.250250	0.0022712   	0.0017887   
3.930839	0.0088986   	0.0070079   10.270270	0.0021431   	0.0016878   
3.938501	0.0083594   	0.0065833   10.290290	0.0020133   	0.0015855   
3.946164	0.007818    	0.0061569   10.310310	0.0018829   	0.0014828   
3.953826	0.0072791   	0.0057325   10.330330	0.0017531   	0.0013806   
3.961489	0.0067473   	0.0053137   10.350350	0.001625    	0.0012797   
3.969151	0.0062264   	0.0049035   10.370370	0.0014996   	0.001181    
3.976814	0.0057202   	0.0045048   10.390390	0.0013777   	0.001085    
3.984476	0.0052318   	0.0041202   10.410410	0.00126     	0.00099231  
3.992138	0.0047638   	0.0037516   10.430430	0.0011473   	0.00090354  
3.999801	0.0043183   	0.0034008   10.450450	0.00104     	0.00081905  
4.007463	0.0038971   	0.0030691   10.470470	0.00093858  	0.00073916  
4.015126	0.0035013   	0.0027573   10.490490	0.00084326  	0.00066408  
4.022788	0.0031317   	0.0024663   10.510511	0.00075424  	0.00059398  
4.030451	0.0027886   	0.0021961   10.530531	0.00067162  	0.00052891  
4.038113	0.0024721   	0.0019468   10.550551	0.00059538  	0.00046888  
4.045776	0.0021817   	0.0017182   10.570571	0.00052545  	0.0004138   
4.053438	0.0019169   	0.0015096   10.590591	0.00046167  	0.00036357  
4.061100	0.0016767   	0.0013204   10.610611	0.00040382  	0.00031802  
4.068763	0.0014601   	0.0011499   10.630631	0.00035165  	0.00027693  
4.076425	0.0012658   	0.00099685  10.650651	0.00030486  	0.00024008  
4.084088	0.0010925   	0.00086035  10.670671	0.00026311  	0.00020721  
4.091750	0.00093868  	0.00073924  10.690691	0.00022607  	0.00017804  
4.099413	0.00080295  	0.00063234  10.710711	0.00019338  	0.00015229  
4.107075	0.00068379  	0.0005385   10.730731	0.00016468  	0.00012969  
4.114738	0.00057972  	0.00045654  10.750751	0.00013962  	0.00010995  
4.122400	0.0004893   	0.00038533  10.770771	0.00011784  	9.2804e-05  
4.130063	0.00041114  	0.00032378  10.790791	9.902e-05   	7.7981e-05  
4.137725	0.00034393  	0.00027085  10.810811	8.2833e-05  	6.5233e-05  
4.145387	0.00028643  	0.00022557  10.830831	6.8984e-05  	5.4326e-05  
4.153050	0.00023748  	0.00018702  10.850851	5.7194e-05  	4.5042e-05  
4.160712	0.00019601  	0.00015437  10.870871	4.7208e-05  	3.7178e-05  
4.168375	0.00016107  	0.00012685  10.890891	3.8792e-05  	3.055e-05   
4.176037	0.00013177  	0.00010377  10.910911	3.1735e-05  	2.4992e-05  
4.183700	0.00010731  	8.4513e-05  10.930931	2.5846e-05  	2.0354e-05  
4.191362	8.7011e-05  	6.8523e-05  10.950951	2.0956e-05  	1.6503e-05  
4.199025	7.0234e-05  	5.5311e-05  10.970971	1.6915e-05  	1.3321e-05  
4.206687	5.644e-05   	4.4448e-05  10.990991	1.3593e-05  	1.0705e-05  
4.214350	4.5153e-05  	3.5559e-05  11.011011	1.0875e-05  	8.5642e-06  
4.222012	3.5963e-05  	2.8322e-05  11.031031	8.6613e-06  	6.821e-06   
4.229674	2.8515e-05  	2.2456e-05  11.051051	6.8677e-06  	5.4085e-06  
4.237337	2.2509e-05  	1.7727e-05  11.071071	5.4212e-06  	4.2693e-06  
4.244999	1.7689e-05  	1.3931e-05  11.091091	4.2603e-06  	3.3551e-06  
4.252662	1.384e-05   	1.0899e-05  11.111111	3.3332e-06  	2.6249e-06  
4.260324	1.0779e-05  	8.4891e-06  11.131131	2.5961e-06  	2.0445e-06  
4.267987	8.3586e-06  	6.5826e-06  11.151151	2.0131e-06  	1.5854e-06  
4.275649	6.4525e-06  	5.0815e-06  11.171171	1.554e-06   	1.2238e-06  
4.283312	4.9589e-06  	3.9053e-06  11.191191	1.1943e-06  	9.4055e-07  
4.290974	3.7941e-06  	2.9879e-06  11.211211	9.1378e-07  	7.1962e-07  
4.298637	2.89e-06    	2.2759e-06  11.231231	6.9602e-07  	5.4813e-07  
4.306299	2.1915e-06  	1.7258e-06  11.251251	5.278e-07   	4.1565e-07  
4.313961	1.6544e-06  	1.3029e-06  11.271271	3.9845e-07  	3.1379e-07  
4.321624	1.2434e-06  	9.7921e-07  11.291291	2.9946e-07  	2.3583e-07  
4.329286	9.3034e-07  	7.3267e-07  11.311311	2.2407e-07  	1.7646e-07  
4.336949	6.9301e-07  	5.4576e-07  11.331331	1.669e-07   	1.3144e-07  
4.344611	5.1392e-07  	4.0472e-07  11.351351	1.2377e-07  	9.7474e-08  
4.352274	3.7941e-07  	2.9879e-07  11.371371	9.1378e-08  	7.1962e-08  
4.359936	2.7886e-07  	2.1961e-07  11.391391	6.7161e-08  	5.2891e-08  
4.367599	2.0405e-07  	1.6069e-07  11.411411	4.9143e-08  	3.8701e-08  
4.375261	1.4864e-07  	1.1706e-07  11.431431	3.5798e-08  	2.8192e-08  
4.382924	1.0779e-07  	8.4891e-08  11.451451	2.5961e-08  	2.0445e-08  
4.390586	7.7826e-08  	6.129e-08   11.471471	1.8744e-08  	1.4761e-08  
4.398248	5.5939e-08  	4.4053e-08  11.491491	1.3472e-08  	1.061e-08   
4.405911	4.0028e-08  	3.1523e-08  11.511512	9.6404e-09  	7.5921e-09  
4.413573	2.8515e-08  	2.2456e-08  11.531532	6.8677e-09  	5.4085e-09  
4.421236	2.0223e-08  	1.5926e-08  11.551552	4.8706e-09  	3.8357e-09  
4.428898	1.4279e-08  	1.1245e-08  11.571572	3.4389e-09  	2.7082e-09  
4.436561	1.0037e-08  	7.9041e-09  11.591592	2.4172e-09  	1.9036e-09  
4.444223	7.0235e-09  	5.5311e-09  11.611612	1.6915e-09  	1.3321e-09  
4.451886	4.893e-09   	3.8533e-09  11.631632	1.1784e-09  	9.2805e-10  
4.459548	0           	0           11.651652	0           	0           
4.467211	0           	0           11.671672	0           	0           
4.474873	0           	0           11.691692	0           	0           
4.482535	0           	0           11.711712	0           	0           
4.490198	0           	0           11.731732	0           	0           
4.497860	0           	0           11.751752	0           	0           
4.505523	0           	0           11.771772	0           	0           
4.513185	0           	0           11.791792	0           	0           
4.520848	0           	0           11.811812	0           	0           
4.528510	0           	0           11.831832	0           	0           
4.536173	0           	0           11.851852	0           	0           
4.543835	0           	0           11.871872	0           	0           
4.551498	0           	0           11.891892	0           	0           
4.559160	0           	0           11.911912	0           	0           
4.566822	0           	0           11.931932	0           	0           
4.574485	0           	0           11.951952	0           	0           
4.582147	0           	0           11.971972	0           	0           
4.589810	0           	0           11.991992	0           	0           
4.597472	0           	0           12.012012	0           	0           
4.605135	0           	0           12.032032	0           	0           
4.612797	0           	0           12.052052	0           	0           
4.620460	0           	0           12.072072	0           	0           
4.628122	0           	0           12.092092	0           	0           
4.635785	0           	0           12.112112	0           	0           
4.643447	0           	0           12.132132	0           	0           
4.651109	0           	0           12.152152	0           	0           
4.658772	0           	0           12.172172	0           	0           
4.666434	0           	0           12.192192	0           	0           
4.674097	0           	0           12.212212	0           	0           
4.681759	0           	0           12.232232	0           	0           
4.689422	0           	0           12.252252	0           	0           
4.697084	0           	0           12.272272	0           	0           
4.704747	0           	0           12.292292	0           	0           
4.712409	0           	0           12.312312	0           	0           
4.720072	0           	0           12.332332	0           	0           
4.727734	0           	0           12.352352	0           	0           
4.735396	0           	0           12.372372	0           	0           
4.743059	0           	0           12.392392	0           	0           
4.750721	0           	0           12.412412	0           	0           
4.758384	0           	0           12.432432	0           	0           
4.766046	0           	0           12.452452	0           	0           
4.773709	0           	0           12.472472	0           	0           
4.781371	0           	0           12.492492	0           	0           
4.789034	0           	0           12.512513	0           	0           
4.796696	0           	0           12.532533	0           	0           
4.804359	0           	0           12.552553	0           	0           
4.812021	0           	0           12.572573	0           	0           
4.819683	0           	0           12.592593	0           	0           
4.827346	0           	0           12.612613	0           	0           
4.835008	0           	0           12.632633	0           	0           
4.842671	0           	0           12.652653	0           	0           
4.850333	0           	0           12.672673	0           	0           
4.857996	0           	0           12.692693	0           	0           
4.865658	0           	0           12.712713	0           	0           
4.873321	0           	0           12.732733	0           	0           
4.880983	0           	0           12.752753	0           	0           
4.888646	0           	0           12.772773	0           	0           
4.896308	0           	0           12.792793	0           	0           
4.903970	0           	0           12.812813	0           	0           
4.911633	0           	0           12.832833	0           	0           
4.919295	0           	0           12.852853	0           	0           
4.926958	0           	0           12.872873	0           	0           
4.934620	0           	0           12.892893	0           	0           
4.942283	0           	0           12.912913	0           	0           
4.949945	0           	0           12.932933	0           	0           
4.957608	0           	0           12.952953	0           	0           
4.965270	0           	0           12.972973	0           	0           
4.972932	0           	0           12.992993	0           	0           
4.980595	0           	0           13.013013	0           	0           
4.988257	0           	0           13.033033	0           	0           
4.995920	0           	0           13.053053	0           	0           
5.003582	0           	0           13.073073	0           	0           
5.011245	0           	0           13.093093	0           	0           
5.018907	0           	0           13.113113	0           	0           
5.026570	0           	0           13.133133	0           	0           
5.034232	0           	0           13.153153	0           	0           
5.041895	0           	0           13.173173	0           	0           
5.049557	0           	0           13.193193	0           	0           
5.057219	0           	0           13.213213	0           	0           
5.064882	0           	0           13.233233	0           	0           
5.072544	0           	0           13.253253	0           	0           
5.080207	0           	0           13.273273	0           	0           
5.087869	0           	0           13.293293	0           	0           
5.095532	0           	0           13.313313	0           	0           
5.103194	0           	0           13.333333	0           	0           
5.110857	0           	0           13.353353	0           	0           
5.118519	0           	0           13.373373	0           	0           
5.126182	0           	0           13.393393	0           	0           
5.133844	0           	0           13.413413	0           	0           
5.141506	0           	0           13.433433	0           	0           
5.149169	0           	0           13.453453	0           	0           
5.156831	0           	0           13.473473	0           	0           
5.164494	0           	0           13.493493	0           	0           
5.172156	0           	0           13.513514	0           	0           
5.179819	0           	0           13.533534	0           	0           
5.187481	0           	0           13.553554	0           	0           
5.195144	0           	0           13.573574	0           	0           
5.202806	0           	0           13.593594	0           	0           
5.210469	0           	0           13.613614	0           	0           
5.218131	0           	0           13.633634	0           	0           
5.225793	0           	0           13.653654	0           	0           
5.233456	0           	0           13.673674	0           	0           
5.241118	0           	0           13.693694	0           	0           
5.248781	0           	0           13.713714	0           	0           
5.256443	0           	0           13.733734	0           	0           
5.264106	0           	0           13.753754	0           	0           
5.271768	0           	0           13.773774	0           	0           
5.279431	0           	0           13.793794	0           	0           
5.287093	0           	0           13.813814	0           	0           
5.294756	0           	0           13.833834	0           	0           
5.302418	0           	0           13.853854	0           	0           
5.310080	0           	0           13.873874	0           	0           
5.317743	0           	0           13.893894	0           	0           
5.325405	0           	0           13.913914	0           	0           
5.333068	0           	0           13.933934	0           	0           
5.340730	0           	0           13.953954	0           	0           
5.348393	0           	0           13.973974	0           	0           
5.356055	0           	0           13.993994	0           	0           
5.363718	0           	0           14.014014	0           	0           
5.371380	0           	0           14.034034	0           	0           
5.379043	0           	0           14.054054	0           	0           
5.386705	0           	0           14.074074	0           	0           
5.394367	0           	0           14.094094	0           	0           
5.402030	0           	0           14.114114	0           	0           
5.409692	0           	0           14.134134	0           	0           
5.417355	0           	0           14.154154	0           	0           
5.425017	0           	0           14.174174	0           	0           
5.432680	0           	0           14.194194	0           	0           
5.440342	0           	0           14.214214	0           	0           
5.448005	0           	0           14.234234	0           	0           
5.455667	0           	0           14.254254	0           	0           
5.463330	0           	0           14.274274	0           	0           
5.470992	0           	0           14.294294	0           	0           
5.478654	0           	0           14.314314	0           	0           
5.486317	0           	0           14.334334	0           	0           
5.493979	0           	0           14.354354	0           	0           
5.501642	0           	0           14.374374	0           	0           
5.509304	0           	0           14.394394	0           	0           
5.516967	0           	0           14.414414	0           	0           
5.524629	0           	0           14.434434	0           	0           
5.532292	0           	0           14.454454	0           	0           
5.539954	0           	0           14.474474	0           	0           
5.547617	0           	0           14.494494	0           	0           
5.555279	0           	0           14.514515	0           	0           
5.562941	0           	0           14.534535	0           	0           
5.570604	0           	0           14.554555	0           	0           
5.578266	0           	0           14.574575	0           	0           
5.585929	0           	0           14.594595	0           	0           
5.593591	0           	0           14.614615	0           	0           
5.601254	0           	0           14.634635	0           	0           
5.608916	0           	0           14.654655	0           	0           
5.616579	0           	0           14.674675	0           	0           
5.624241	0           	0           14.694695	0           	0           
5.631904	0           	0           14.714715	0           	0           
5.639566	0           	0           14.734735	0           	0           
5.647228	0           	0           14.754755	0           	0           
5.654891	0           	0           14.774775	0           	0           
5.662553	0           	0           14.794795	0           	0           
5.670216	0           	0           14.814815	0           	0           
5.677878	0           	0           14.834835	0           	0           
5.685541	0           	0           14.854855	0           	0           
5.693203	0           	0           14.874875	0           	0           
5.700866	0           	0           14.894895	0           	0           
5.708528	0           	0           14.914915	0           	0           
5.716191	0           	0           14.934935	0           	0           
5.723853	0           	0           14.954955	0           	0           
5.731515	0           	0           14.974975	0           	0           
5.739178	0           	0           14.994995	0           	0           
5.746840	0           	0           15.015015	0           	0           
5.754503	0           	0           15.035035	0           	0           
5.762165	0           	0           15.055055	0           	0           
5.769828	0           	0           15.075075	0           	0           
5.777490	0           	0           15.095095	0           	0           
5.785153	0           	0           15.115115	0           	0           
5.792815	0           	0           15.135135	0           	0           
5.800478	0           	0           15.155155	0           	0           
5.808140	0           	0           15.175175	0           	0           
5.815802	0           	0           15.195195	0           	0           
5.823465	0           	0           15.215215	0           	0           
5.831127	0           	0           15.235235	0           	0           
5.838790	0           	0           15.255255	0           	0           
5.846452	0           	0           15.275275	0           	0           
5.854115	0           	0           15.295295	0           	0           
5.861777	0           	0           15.315315	0           	0           
5.869440	0           	0           15.335335	0           	0           
5.877102	0           	0           15.355355	0           	0           
5.884764	0           	0           15.375375	0           	0           
5.892427	0           	0           15.395395	0           	0           
5.900089	0           	0           15.415415	0           	0           
5.907752	0           	0           15.435435	0           	0           
5.915414	0           	0           15.455455	0           	0           
5.923077	0           	0           15.475475	0           	0           
5.930739	0           	0           15.495495	0           	0           
5.938402	0           	0           15.515516	0           	0           
5.946064	0           	0           15.535536	0           	0           
5.953727	0           	0           15.555556	0           	0           
5.961389	0           	0           15.575576	0           	0           
5.969051	0           	0           15.595596	0           	0           
5.976714	0           	0           15.615616	0           	0           
5.984376	0           	0           15.635636	0           	0           
5.992039	0           	0           15.655656	0           	0           
5.999701	0           	0           15.675676	0           	0           
6.007364	0           	0           15.695696	0           	0           
6.015026	0           	0           15.715716	0           	0           
6.022689	0           	0           15.735736	0           	0           
6.030351	0           	0           15.755756	0           	0           
6.038014	0           	0           15.775776	0           	0           
6.045676	0           	0           15.795796	0           	0           
6.053338	0           	0           15.815816	0           	0           
6.061001	0           	0           15.835836	0           	0           
6.068663	0           	0           15.855856	0           	0           
6.076326	0           	0           15.875876	0           	0           
6.083988	0           	0           15.895896	0           	0           
6.091651	0           	0           15.915916	0           	0           
6.099313	0           	0           15.935936	0           	0           
6.106976	0           	0           15.955956	0           	0           
6.114638	0           	0           15.975976	0           	0           
6.122301	0           	0           15.995996	0           	0           
6.129963	0           	0           16.016016	0           	0           
6.137625	0           	0           16.036036	0           	0           
6.145288	0           	0           16.056056	0           	0           
6.152950	0           	0           16.076076	0           	0           
6.160613	0           	0           16.096096	0           	0           
6.168275	0           	0           16.116116	0           	0           
6.175938	0           	0           16.136136	0           	0           
6.183600	0           	0           16.156156	0           	0           
6.191263	0           	0           16.176176	0           	0           
6.198925	0           	0           16.196196	0           	0           
6.206588	0           	0           16.216216	0           	0           
6.214250	0           	0           16.236236	0           	0           
6.221912	0           	0           16.256256	0           	0           
6.229575	0           	0           16.276276	0           	0           
6.237237	0           	0           16.296296	0           	0           
6.244900	0           	0           16.316316	0           	0           
6.252562	0           	0           16.336336	0           	0           
6.260225	0           	0           16.356356	0           	0           
6.267887	0           	0           16.376376	0           	0           
6.275550	0           	0           16.396396	0           	0           
6.283212	0           	0           16.416416	0           	0           
6.290875	0           	0           16.436436	0           	0           
6.298537	0           	0           16.456456	0           	0           
6.306199	0           	0           16.476476	0           	0           
6.313862	0           	0           16.496496	0           	0           
6.321524	0           	0           16.516517	0           	0           
6.329187	0           	0           16.536537	0           	0           
6.336849	0           	0           16.556557	0           	0           
6.344512	0           	0           16.576577	0           	0           
6.352174	0           	0           16.596597	0           	0           
6.359837	0           	0           16.616617	0           	0           
6.367499	0           	0           16.636637	0           	0           
6.375162	0           	0           16.656657	0           	0           
6.382824	0           	0           16.676677	0           	0           
6.390486	0           	0           16.696697	0           	0           
6.398149	0           	0           16.716717	0           	0           
6.405811	0           	0           16.736737	0           	0           
6.413474	0           	0           16.756757	0           	0           
6.421136	0           	0           16.776777	0           	0           
6.428799	0           	0           16.796797	0           	0           
6.436461	0           	0           16.816817	0           	0           
6.444124	0           	0           16.836837	0           	0           
6.451786	0           	0           16.856857	0           	0           
6.459449	0           	0           16.876877	0           	0           
6.467111	0           	0           16.896897	0           	0           
6.474773	0           	0           16.916917	0           	0           
6.482436	0           	0           16.936937	0           	0           
6.490098	0           	0           16.956957	0           	0           
6.497761	0           	0           16.976977	0           	0           
6.505423	0           	0           16.996997	0           	0           
6.513086	0           	0           17.017017	0           	0           
6.520748	0           	0           17.037037	0           	0           
6.528411	0           	0           17.057057	0           	0           
6.536073	0           	0           17.077077	0           	0           
6.543736	0           	0           17.097097	0           	0           
6.551398	0           	0           17.117117	0           	0           
6.559060	0           	0           17.137137	0           	0           
6.566723	0           	0           17.157157	0           	0           
6.574385	0           	0           17.177177	0           	0           
6.582048	0           	0           17.197197	0           	0           
6.589710	0           	0           17.217217	0           	0           
6.597373	0           	0           17.237237	0           	0           
6.605035	0           	0           17.257257	0           	0           
6.612698	0           	0           17.277277	0           	0           
6.620360	0           	0           17.297297	0           	0           
6.628023	0           	0           17.317317	0           	0           
6.635685	0           	0           17.337337	0           	0           
6.643347	0           	0           17.357357	0           	0           
6.651010	0           	0           17.377377	0           	0           
6.658672	0           	0           17.397397	0           	0           
6.666335	0           	0           17.417417	0           	0           
6.673997	0           	0           17.437437	0           	0           
6.681660	0           	0           17.457457	0           	0           
6.689322	0           	0           17.477477	0           	0           
6.696985	0           	0           17.497497	0           	0           
6.704647	0           	0           17.517518	0           	0           
6.712310	0           	0           17.537538	0           	0           
6.719972	0           	0           17.557558	0           	0           
6.727634	0           	0           17.577578	0           	0           
6.735297	0           	0           17.597598	0           	0           
6.742959	0           	0           17.617618	0           	0           
6.750622	0           	0           17.637638	0           	0           
6.758284	0           	0           17.657658	0           	0           
6.765947	0           	0           17.677678	0           	0           
6.773609	0           	0           17.697698	0           	0           
6.781272	0           	0           17.717718	0           	0           
6.788934	0           	0           17.737738	0           	0           
6.796596	0           	0           17.757758	0           	0           
6.804259	0           	0           17.777778	0           	0           
6.811921	0           	0           17.797798	0           	0           
6.819584	0           	0           17.817818	0           	0           
6.827246	0           	0           17.837838	0           	0           
6.834909	0           	0           17.857858	0           	0           
6.842571	0           	0           17.877878	0           	0           
6.850234	0           	0           17.897898	0           	0           
6.857896	0           	0           17.917918	0           	0           
6.865559	0           	0           17.937938	0           	0           
6.873221	0           	0           17.957958	0           	0           
6.880883	0           	0           17.977978	0           	0           
6.888546	0           	0           17.997998	0           	0           
6.896208	0           	0           18.018018	0           	0           
6.903871	0           	0           18.038038	0           	0           
6.911533	0           	0           18.058058	0           	0           
6.919196	0           	0           18.078078	0           	0           
6.926858	0           	0           18.098098	0           	0           
6.934521	0           	0           18.118118	0           	0           
6.942183	0           	0           18.138138	0           	0           
6.949846	0           	0           18.158158	0           	0           
6.957508	0           	0           18.178178	0           	0           
6.965170	0           	0           18.198198	0           	0           
6.972833	0           	0           18.218218	0           	0           
6.980495	0           	0           18.238238	0           	0           
6.988158	0           	0           18.258258	0           	0           
6.995820	0           	0           18.278278	0           	0           
7.003483	0           	0           18.298298	0           	0           
7.011145	0           	0           18.318318	0           	0           
7.018808	0           	0           18.338338	0           	0           
7.026470	0           	0           18.358358	0           	0           
7.034133	0           	0           18.378378	0           	0           
7.041795	0           	0           18.398398	0           	0           
7.049457	0           	0           18.418418	0           	0           
7.057120	0           	0           18.438438	0           	0           
7.064782	0           	0           18.458458	0           	0           
7.072445	0           	0           18.478478	0           	0           
7.080107	0           	0           18.498498	0           	0           
7.087770	0           	0           18.518519	0           	0           
7.095432	0           	0           18.538539	0           	0           
7.103095	0           	0           18.558559	0           	0           
7.110757	0           	0           18.578579	0           	0           
7.118420	0           	0           18.598599	0           	0           
7.126082	0           	0           18.618619	0           	0           
7.133744	0           	0           18.638639	0           	0           
7.141407	0           	0           18.658659	0           	0           
7.149069	0           	0           18.678679	0           	0           
7.156732	0           	0           18.698699	0           	0           
7.164394	0           	0           18.718719	0           	0           
7.172057	0           	0           18.738739	0           	0           
7.179719	0           	0           18.758759	0           	0           
7.187382	0           	0           18.778779	0           	0           
7.195044	0           	0           18.798799	0           	0           
7.202707	0           	0           18.818819	0           	0           
7.210369	0           	0           18.838839	0           	0           
7.218031	0           	0           18.858859	0           	0           
7.225694	0           	0           18.878879	0           	0           
7.233356	0           	0           18.898899	0           	0           
7.241019	0           	0           18.918919	0           	0           
7.248681	0           	0           18.938939	0           	0           
7.256344	0           	0           18.958959	0           	0           
7.264006	0           	0           18.978979	0           	0           
7.271669	0           	0           18.998999	0           	0           
7.279331	0           	0           19.019019	0           	0           
7.286994	0           	0           19.039039	0           	0           
7.294656	0           	0           19.059059	0           	0           
7.302318	0           	0           19.079079	0           	0           
7.309981	0           	0           19.099099	0           	0           
7.317643	0           	0           19.119119	0           	0           
7.325306	0           	0           19.139139	0           	0           
7.332968	0           	0           19.159159	0           	0           
7.340631	0           	0           19.179179	0           	0           
7.348293	0           	0           19.199199	0           	0           
7.355956	0           	0           19.219219	0           	0           
7.363618	0           	0           19.239239	0           	0           
7.371281	0           	0           19.259259	0           	0           
7.378943	0           	0           19.279279	0           	0           
7.386605	0           	0           19.299299	0           	0           
7.394268	0           	0           19.319319	0           	0           
7.401930	0           	0           19.339339	0           	0           
7.409593	0           	0           19.359359	0           	0           
7.417255	0           	0           19.379379	0           	0           
7.424918	0           	0           19.399399	0           	0           
7.432580	0           	0           19.419419	0           	0           
7.440243	0           	0           19.439439	0           	0           
7.447905	0           	0           19.459459	0           	0           
7.455568	0           	0           19.479479	0           	0           
7.463230	0           	0           19.499499	0           	0           
7.470892	0           	0           19.519520	0           	0           
7.478555	0           	0           19.539540	0           	0           
7.486217	0           	0           19.559560	0           	0           
7.493880	0           	0           19.579580	0           	0           
7.501542	0           	0           19.599600	0           	0           
7.509205	0           	0           19.619620	0           	0           
7.516867	0           	0           19.639640	0           	0           
7.524530	0           	0           19.659660	0           	0           
7.532192	0           	0           19.679680	0           	0           
7.539855	0           	0           19.699700	0           	0           
7.547517	0           	0           19.719720	0           	0           
7.555179	0           	0           19.739740	0           	0           
7.562842	0           	0           19.759760	0           	0           
7.570504	0           	0           19.779780	0           	0           
7.578167	0           	0           19.799800	0           	0           
7.585829	0           	0           19.819820	0           	0           
7.593492	0           	0           19.839840	0           	0           
7.601154	0           	0           19.859860	0           	0           
7.608817	0           	0           19.879880	0           	0           
7.616479	0           	0           19.899900	0           	0           
7.624141	0           	0           19.919920	0           	0           
7.631804	0           	0           19.939940	0           	0           
7.639466	0           	0           19.959960	0           	0           
7.647129	0           	0           19.979980	0           	0           
7.654791	0           	0           20.000000	0           	0
