0.000000000000000000e+00 3.298730140098250104e-26 9.045147975383096874e-11
2.002002002002001985e-02 2.996953289939576988e-25 2.960385526413901962e-10
4.004004004004003969e-02 2.603954058688605540e-24 9.266186282692141611e-10
6.006006006006005954e-02 2.163748697095100425e-23 2.773792310390301807e-09
8.008008008008007939e-02 1.719493264720546215e-22 7.940850349174593734e-09
1.001001001001000923e-01 1.306815559420504813e-21 2.174103633712957600e-08
1.201201201201201191e-01 9.498352269391568553e-21 5.692638834766419767e-08
1.401401401401401459e-01 6.602408726865600352e-20 1.425499862231760472e-07
1.601601601601601588e-01 4.389112350886384249e-19 3.413822117112020328e-07
1.801801801801801717e-01 2.790430098258105967e-18 7.818703711951983937e-07
2.002002002002001846e-01 1.696624583535747581e-17 1.712571787090408656e-06
2.202202202202202252e-01 9.865532266552385009e-17 3.587426209023129766e-06
2.402402402402402382e-01 5.486248122161177042e-16 7.186829344256186058e-06
2.602602602602602788e-01 2.917766455774005399e-15 1.376929977636181485e-05
2.802802802802802917e-01 1.484040547354886208e-14 2.522937835563211163e-05
3.003003003003003046e-01 7.218736094069854408e-14 4.421009247435702104e-05
3.203203203203203175e-01 3.358123940850771926e-13 7.408946995393082054e-05
3.403403403403403304e-01 1.494006320983521049e-12 1.187440242441414439e-04
3.603603603603603434e-01 6.356650107220197476e-12 1.820066616064931070e-04
3.803803803803803563e-01 2.586570600712660018e-11 2.667983334150403709e-04
4.004004004004003692e-01 1.006561986865654729e-10 3.740239109462381670e-04
4.204204204204204376e-01 3.746078476942715232e-10 5.014599869260832812e-04
4.404404404404404505e-01 1.333316873747717767e-09 6.429754189534337425e-04
4.604604604604604634e-01 4.538475940644757028e-09 7.884510865265846342e-04
4.804804804804804763e-01 1.477429810654938899e-08 9.246558617372767266e-04
5.005005005005005447e-01 4.599639934589816137e-08 1.037091596792769251e-03
5.205205205205205576e-01 1.369496643423592203e-07 1.112506739256936784e-03
5.405405405405405705e-01 3.899583879798135189e-07 1.141513391240219942e-03
5.605605605605605835e-01 1.061929581218132156e-06 1.120649948996298249e-03
5.805805805805805964e-01 2.765625233492917472e-06 1.053382860101625398e-03
6.006006006006006093e-01 6.888284838517267805e-06 9.499162326113572358e-04
6.206206206206206222e-01 1.640774975731474941e-05 8.261650486315652618e-04
6.406406406406406351e-01 3.737722958655413207e-05 7.026847782751430857e-04
6.606606606606606480e-01 8.143017171476938179e-05 6.045839600416748555e-04
6.806806806806806609e-01 1.696616752994117817e-04 5.633730105565816926e-04
7.007007007007006738e-01 3.380666340168458992e-04 6.212737410007310298e-04
7.207207207207206867e-01 6.442301204802279840e-04 8.377216610242005845e-04
7.407407407407406996e-01 1.174085975985387836e-03 1.296672204795184516e-03
7.607607607607607125e-01 2.046345369823301084e-03 2.112005044013453604e-03
7.807807807807807254e-01 3.410971759450646523e-03 3.427132470316346033e-03
8.008008008008007383e-01 5.437477493704011289e-03 5.404436106500747766e-03
8.208208208208208623e-01 8.289664975633451172e-03 8.201123254410566665e-03
8.408408408408408752e-01 1.208639110963446485e-02 1.193110049341169869e-02
8.608608608608608881e-01 1.685297072554986508e-02 1.661745393067974932e-02
8.808808808808809010e-01 2.247379666078592672e-02 2.214597226036200961e-02
9.009009009009009139e-01 2.866134625787747359e-02 2.823462379225591401e-02
9.209209209209209268e-01 3.495721959142498309e-02 3.443433792769317464e-02
9.409409409409409397e-01 4.077531619217696773e-02 4.017100600252115905e-02
9.609609609609609526e-01 4.548602128985226867e-02 4.482762217108495623e-02
9.809809809809809655e-01 4.852647233810066657e-02 4.785199211478782799e-02
1.001001001001001089e+00 4.951076651591333061e-02 4.886447757540367948e-02
1.021021021021021102e+00 4.831041152335877054e-02 4.773675868441086545e-02
1.041041041041041115e+00 4.508187618476561936e-02 4.461898630918149922e-02
1.061061061061061128e+00 4.023308964236740892e-02 3.990732906630840154e-02
1.081081081081081141e+00 3.433878668451285227e-02 3.416154103791727709e-02
1.101101101101101154e+00 2.802893942089551213e-02 2.799618454430610054e-02
1.121121121121121167e+00 2.188006168630787091e-02 2.197456722361736461e-02
1.141141141141141180e+00 1.633467798779659336e-02 1.653007792263918793e-02
1.161161161161161193e+00 1.166252994247688954e-02 1.192817907408638689e-02
1.181181181181181206e+00 7.963337592973664114e-03 8.268896609177484036e-03
1.201201201201201219e+00 5.200171339715471859e-03 5.519151239141207622e-03
1.221221221221221231e+00 3.247583948551645717e-03 3.559489256639479515e-03
1.241241241241241244e+00 1.939650453460562080e-03 2.230744438047334733e-03
1.261261261261261257e+00 1.107917737903431430e-03 1.370895280432031776e-03
1.281281281281281270e+00 6.052224927232889139e-04 8.381878277855376019e-04
1.301301301301301283e+00 3.161964995438257178e-04 5.213283868611101428e-04
1.321321321321321296e+00 1.580089506494099228e-04 3.402063504685266652e-04
1.341341341341341309e+00 7.556234611200878318e-05 2.412508800022427973e-04
1.361361361361361322e+00 3.465929766975900107e-05 1.908386472930389166e-04
1.381381381381381335e+00 1.541025207780104942e-05 1.689518024542371486e-04
1.401401401401401348e+00 6.962819160385259071e-06 1.641268471725391314e-04
1.421421421421421361e+00 3.795186151137994319e-06 1.699211774109024987e-04
1.441441441441441373e+00 3.369039219077845210e-06 1.826925127155993385e-04
1.461461461461461386e+00 4.786710434155531130e-06 2.003436264943303340e-04
1.481481481481481399e+00 8.115620308855675476e-06 2.217057368650652411e-04
1.501501501501501412e+00 1.412789574193711277e-05 2.463181750148314936e-04
1.521521521521521425e+00 2.429295151250556394e-05 2.744497340230879858e-04
1.541541541541541438e+00 4.092906951476890111e-05 3.072726876236678392e-04
1.561561561561561451e+00 6.746072183057425702e-05 3.471386566966408959e-04
1.581581581581581464e+00 1.087449334926039637e-04 3.979201195908798000e-04
1.601601601601601477e+00 1.714282251198398694e-04 4.653785625016546999e-04
1.621621621621621712e+00 2.642814067151839919e-04 5.575059674555510238e-04
1.641641641641641725e+00 3.984383426637454510e-04 6.847661000879934042e-04
1.661661661661661737e+00 5.874430161852179809e-04 8.601418489567211421e-04
1.681681681681681750e+00 8.469942234643756951e-04 1.098881643502068158e-03
1.701701701701701763e+00 1.194277448193677583e-03 1.417839560012009803e-03
1.721721721721721776e+00 1.646797100581289582e-03 1.834327683548276538e-03
1.741741741741741789e+00 2.220675161216758339e-03 2.364450939142093231e-03
1.761761761761761802e+00 2.928465116532557363e-03 3.020974489233604638e-03
1.781781781781781815e+00 3.776636223867813058e-03 3.810875435141689634e-03
1.801801801801801828e+00 4.762997270653730915e-03 4.732839316179645803e-03
1.821821821821821841e+00 5.874428063396283997e-03 5.775055862539605137e-03
1.841841841841841854e+00 7.085343766987766724e-03 6.913721869101292945e-03
1.861861861861861867e+00 8.357306721801606442e-03 8.112648043008940241e-03
1.881881881881881879e+00 9.640106588790922984e-03 9.324276225374883084e-03
1.901901901901901892e+00 1.087445271507530425e-02 1.049224373111722064e-02
1.921921921921921905e+00 1.199618242896343008e-02 1.155540181544169320e-02
1.941941941941941918e+00 1.294162445048606912e-02 1.245294258932028511e-02
1.961961961961961931e+00 1.365351914157438354e-02 1.313006208202902730e-02
1.981981981981981944e+00 1.408673981733564798e-02 1.354343698786485833e-02
2.002002002002002179e+00 1.421302311501420300e-02 1.366575827151616206e-02
2.022022022022022192e+00 1.402401963869818330e-02 1.348866349472183437e-02
2.042042042042042205e+00 1.353220726177463591e-02 1.302363043173433536e-02
2.062062062062062218e+00 1.276952825157173614e-02 1.230069876537755874e-02
2.082082082082082231e+00 1.178395710232158639e-02 1.136521651490477076e-02
2.102102102102102243e+00 1.063451160238562676e-02 1.027309943143277747e-02
2.122122122122122256e+00 9.385427621743784934e-03 9.085289997957967864e-03
2.142142142142142269e+00 8.100293377530688732e-03 7.862174528359850215e-03
2.162162162162162282e+00 6.836876136919529078e-03 6.658657063246782928e-03
2.182182182182182295e+00 5.643196975972547200e-03 5.520419760889059592e-03
2.202202202202202308e+00 4.555161995606993829e-03 4.481663875721100115e-03
2.222222222222222321e+00 3.595794930753521378e-03 3.564374339403244586e-03
2.242242242242242334e+00 2.775886037802136833e-03 2.778931753517587411e-03
2.262262262262262347e+00 2.095710950584645915e-03 2.125742048232733689e-03
2.282282282282282360e+00 1.547396743867003946e-03 1.597481290169318249e-03
2.302302302302302373e+00 1.117517205218071649e-03 1.181557754221160099e-03
2.322322322322322385e+00 7.895669330229154476e-04 8.624578929179915667e-04
2.342342342342342398e+00 5.460681905587392833e-04 6.237422943934865230e-04
2.362362362362362411e+00 3.701787078321221039e-04 4.495666148550924433e-04
2.382382382382382424e+00 2.467711129637067610e-04 3.257000986080968419e-04
2.402402402402402437e+00 1.630317522624876586e-04 2.400876622114505991e-04
2.422422422422422450e+00 1.086732137283389629e-04 1.830457615617009154e-04
2.442442442442442463e+00 7.587279838966137064e-05 1.471992043305718153e-04
2.462462462462462476e+00 5.904482588281360705e-05 1.272617732743302425e-04
2.482482482482482489e+00 5.453611400269307635e-05 1.197457232454382970e-04
2.502502502502502502e+00 6.030894992720871729e-05 1.226612697926659742e-04
2.522522522522522515e+00 7.565039612765587368e-05 1.352428470805902051e-04
2.542542542542542527e+00 1.009247106739437772e-04 1.577178613653054792e-04
2.562562562562562540e+00 1.373688787980608414e-04 1.911176802325705818e-04
2.582582582582582553e+00 1.869201379709424298e-04 2.371200373834198255e-04
2.602602602602602566e+00 2.520584436683806170e-04 2.979064192479422609e-04
2.622622622622622579e+00 3.356452173193757950e-04 3.760165083269328056e-04
2.642642642642642592e+00 4.407415665548862038e-04 4.741835408339665700e-04
2.662662662662662605e+00 5.703937173512522779e-04 5.951387635976421956e-04
2.682682682682682618e+00 7.273800122966410462e-04 7.413794351860069319e-04
2.702702702702702631e+00 9.139218995462092699e-04 9.149024285629155052e-04
2.722722722722722644e+00 1.131370165916894622e-03 1.116913801320678409e-03
2.742742742742742657e+00 1.379886388139129651e-03 1.347532894822887906e-03
2.762762762762762669e+00 1.658147138355642921e-03 1.605516627377104886e-03
2.782782782782782682e+00 1.963103720588586960e-03 1.888034576919479226e-03
2.802802802802802695e+00 2.289832007586716737e-03 2.190527157929873878e-03
2.822822822822822708e+00 2.631504405117247695e-03 2.506676860422507765e-03
2.842842842842842721e+00 2.979508661884711172e-03 2.828515734742112833e-03
2.862862862862862734e+00 3.323726372126896075e-03 3.146681265060563473e-03
2.882882882882882747e+00 3.652968520090590747e-03 3.450818348118425607e-03
2.902902902902902760e+00 3.955547931144540175e-03 3.730108809132321682e-03
2.922922922922922773e+00 4.219951203039291540e-03 3.973893773808150412e-03
2.942942942942942786e+00 4.435558021045601929e-03 4.172340535655262410e-03
2.962962962962962798e+00 4.593346012776996362e-03 4.317096454207552080e-03
2.982982982982982811e+00 4.686516248081909128e-03 4.401869547095361296e-03
3.003003003003002824e+00 4.710979046381077485e-03 4.422879646227769433e-03
3.023023023023022837e+00 4.665651749036076046e-03 4.379135120217965936e-03
3.043043043043042850e+00 4.552538264730534440e-03 4.272507029213559564e-03
3.063063063063062863e+00 4.376582265539922037e-03 4.107593094816722711e-03
3.083083083083082876e+00 4.145309045994491869e-03 3.891385381018562864e-03
3.103103103103102889e+00 3.868292233304102337e-03 3.632775278163644442e-03
3.123123123123122902e+00 3.556498041792002969e-03 3.341944736506632496e-03
3.143143143143142915e+00 3.221569620306570948e-03 3.029701867378990342e-03
3.163163163163162928e+00 2.875116290731315801e-03 2.706821126792496087e-03
3.183183183183182940e+00 2.528067285034906863e-03 2.383443472492868895e-03
3.203203203203202953e+00 2.190138155311112823e-03 2.068581254941568616e-03
3.223223223223223410e+00 1.869442326281425511e-03 1.769757998450392300e-03
3.243243243243243423e+00 1.572262659069778405e-03 1.492796861626188376e-03
3.263263263263263436e+00 1.302980781328990246e-03 1.241755653262917921e-03
3.283283283283283449e+00 1.064147342555724334e-03 1.018992710107720270e-03
3.303303303303303462e+00 8.566656946154678444e-04 8.253380375533676469e-04
3.323323323323323475e+00 6.800554595500778350e-04 6.603385088915671294e-04
3.343343343343343488e+00 5.327609870049648073e-04 5.225445732017254541e-04
3.363363363363363501e+00 4.124721778663986834e-04 4.098082363261841034e-04
3.383383383383383514e+00 3.164305119792529698e-04 3.195670790109566162e-04
3.403403403403403527e+00 2.417001428884113013e-04 2.490956224986892189e-04
3.423423423423423539e+00 1.853914227223368448e-04 1.957123381883774614e-04
3.443443443443443552e+00 1.448312044815476302e-04 1.569371018811477835e-04
3.463463463463463565e+00 1.176800416845872580e-04 1.305992673147949072e-04
3.483483483483483578e+00 1.020005982107102013e-04 1.149004352628382785e-04
3.503503503503503591e+00 9.628412775449993318e-05 1.084383614491256560e-04
3.523523523523523604e+00 9.944295361380456777e-05 1.101994379705132564e-04
3.543543543543543617e+00 1.107768006183392282e-04 1.195271012007681255e-04
3.563563563563563630e+00 1.299199960016641337e-04 1.360727309395264831e-04
3.583583583583583643e+00 1.567753550140683298e-04 1.597344738470931268e-04
3.603603603603603656e+00 1.914393323278259650e-04 1.905882582692598997e-04
3.623623623623623669e+00 2.341219940084175721e-04 2.288142931370797226e-04
3.643643643643643681e+00 2.850646868042538973e-04 2.746216914633960475e-04
3.663663663663663694e+00 3.444579925703569051e-04 3.281735680817852974e-04
3.683683683683683707e+00 4.123626121521144195e-04 3.895149925197402075e-04
3.703703703703703720e+00 4.886361179978262201e-04 4.585064334831957539e-04
3.723723723723723733e+00 5.728689018701082483e-04 5.347656772810029623e-04
3.743743743743743746e+00 6.643329623712860774e-04 6.176214909850734000e-04
3.763763763763763759e+00 7.619472743699007289e-04 7.060823924386934328e-04
3.783783783783783772e+00 8.642632360201775660e-04 7.988236705039497175e-04
3.803803803803803785e+00 9.694730224218935447e-04 8.941951995994451259e-04
3.823823823823823798e+00 1.075442569716275696e-03 9.902515951066565968e-04
3.843843843843843811e+00 1.179769414831355031e-03 1.084804901162136860e-03
3.863863863863863823e+00 1.279863831323809929e-03 1.175498386669187418e-03
3.883883883883883836e+00 1.373049790357453847e-03 1.259898293795855230e-03
3.903903903903903849e+00 1.456680432995428919e-03 1.335598713021961042e-03
3.923923923923923862e+00 1.528261173894052312e-03 1.400333339142685422e-03
3.943943943943943875e+00 1.585572462483705999e-03 1.452086871036094599e-03
3.963963963963963888e+00 1.626783762125770614e-03 1.489198396566998378e-03
3.983983983983983901e+00 1.650550565302156625e-03 1.510449338920166968e-03
4.004004004004004358e+00 1.656087261172759515e-03 1.515129447972461034e-03
4.024024024024024371e+00 1.643210345057958969e-03 1.503075840361134397e-03
4.044044044044044384e+00 1.612348663252684321e-03 1.474682093643589357e-03
4.064064064064064397e+00 1.564519913571304002e-03 1.430876694927492700e-03
4.084084084084084409e+00 1.501275225599390129e-03 1.373072508624257433e-03
4.104104104104104422e+00 1.424616068694168052e-03 1.303091128920856557e-03
4.124124124124124435e+00 1.336889745538493530e-03 1.223067806908941998e-03
4.144144144144144448e+00 1.240671138811826665e-03 1.135343921397479828e-03
4.164164164164164461e+00 1.138639072560531035e-03 1.042354591184126503e-03
4.184184184184184474e+00 1.033455593582095116e-03 9.465189736636893131e-04
4.204204204204204487e+00 9.276557185753606669e-04 8.501401028913384500e-04
4.224224224224224500e+00 8.235538484102293121e-04 7.553198973103230057e-04
4.244244244244244513e+00 7.231712930420734547e-04 6.638933691176830687e-04
4.264264264264264526e+00 6.281873798238004443e-04 5.773842759046719526e-04
4.284284284284284539e+00 5.399146382647403847e-04 4.969826561847642734e-04
4.304304304304304551e+00 4.592967495651934851e-04 4.235430508399865923e-04
4.324324324324324564e+00 3.869264646437596132e-04 3.576008642318175847e-04
4.344344344344344577e+00 3.230796244329813840e-04 2.994033476199366942e-04
4.364364364364364590e+00 2.677608008601958930e-04 2.489511298106530804e-04
4.384384384384384603e+00 2.207559045984489596e-04 2.060460650245337028e-04
4.404404404404404616e+00 1.816873223775366229e-04 1.703413666591807607e-04
4.424424424424424629e+00 1.500676688122106763e-04 1.413904718585804203e-04
4.444444444444444642e+00 1.253489665430577006e-04 1.186917456809660770e-04
4.464464464464464655e+00 1.069649037396296282e-04 1.017268939453854436e-04
4.484484484484484668e+00 9.436466938107780872e-05 8.999172834571766727e-05
4.504504504504504681e+00 8.703766185031298593e-05 8.301865028702324169e-05
4.524524524524524693e+00 8.452905499938978431e-05 8.039084537016145417e-05
4.544544544544544706e+00 8.644676032306304614e-05 8.174868335624657959e-05
4.564564564564564719e+00 9.246073670809291901e-05 8.678919195647545311e-05
4.584584584584584732e+00 1.022958785320948597e-04 9.525972434575628530e-05
4.604604604604604745e+00 1.157198769247463676e-04 1.069470865876126947e-04
4.624624624624624758e+00 1.325275206484822132e-04 1.216634531340179693e-04
4.644644644644644771e+00 1.525229050334693244e-04 1.392303971023695216e-04
4.664664664664664784e+00 1.755009688122587531e-04 1.594623147557962413e-04
4.684684684684684797e+00 2.012296930472478262e-04 1.821504430886833478e-04
4.704704704704704810e+00 2.294341810746050841e-04 2.070485627121487553e-04
4.724724724724724823e+00 2.597836957134932469e-04 2.338613476302956731e-04
4.744744744744744835e+00 2.918825586451788716e-04 2.622361680711590422e-04
4.764764764764764848e+00 3.252656143781954370e-04 2.917589701766778532e-04
4.784784784784784861e+00 3.593987262357878462e-04 3.219546458700356774e-04
4.804804804804804874e+00 3.936845061297596787e-04 3.522920691462403091e-04
4.824824824824824887e+00 4.274731898579976416e-04 3.821937169048045821e-04
4.844844844844844900e+00 4.600782667199737391e-04 4.110495233050116565e-04
4.864864864864864913e+00 4.907961725820728137e-04 4.382343507388797451e-04
4.884884884884884926e+00 5.189290788932886082e-04 4.631282153113371611e-04
4.904904904904904939e+00 5.438095779492477288e-04 4.851381990934451019e-04
4.924924924924924952e+00 5.648258976122682868e-04 5.037208336573516286e-04
4.944944944944944965e+00 5.814461941811930462e-04 5.184036649542709705e-04
4.964964964964964977e+00 5.932404820922026166e-04 5.288047190014793543e-04
4.984984984984984990e+00 5.998988681875769193e-04 5.346486851256170274e-04
5.005005005005005003e+00 6.012449625563909489e-04 5.357788152263110370e-04
5.025025025025025016e+00 5.972436250003077072e-04 5.321637926357587799e-04
5.045045045045045029e+00 5.880025558261972552e-04 5.238991347410184522e-04
5.065065065065065042e+00 5.737676256911551208e-04 5.112030363342637274e-04
5.085085085085085055e+00 5.549122317797087773e-04 4.944069091802904842e-04
5.105105105105105068e+00 5.319213360635901286e-04 4.739412003784333771e-04
5.125125125125125081e+00 5.053711573511961022e-04 4.503173525259985101e-04
5.145145145145145094e+00 4.759057287422102309e-04 4.241069815866366742e-04
5.165165165165165106e+00 4.442116794870299215e-04 3.959194791192622784e-04
5.185185185185185119e+00 4.109926470733247161e-04 3.663792870096368244e-04
5.205205205205205132e+00 3.769446724867931819e-04 3.361040458450869424e-04
5.225225225225225145e+00 3.427337883129294872e-04 3.056846908403527204e-04
5.245245245245245158e+00 3.089767920728701605e-04 2.756683763328882097e-04
5.265265265265265171e+00 2.762259274913500583e-04 2.465448704707090392e-04
5.285285285285285184e+00 2.449578986623767384e-04 2.187367974598457721e-04
5.305305305305305197e+00 2.155673410506100127e-04 1.925938375816762345e-04
5.325325325325325210e+00 1.883645917618800316e-04 1.683907453825674689e-04
5.345345345345345223e+00 1.635773585511408001e-04 1.463288308519546316e-04
5.365365365365365236e+00 1.413556965145208006e-04 1.265403793727851850e-04
5.385385385385385248e+00 1.217795714634471477e-04 1.090953709551411281e-04
5.405405405405405261e+00 1.048682219396068830e-04 9.400979981147796643e-05
5.425425425425425274e+00 9.059052479053875508e-05 8.125488910495684536e-05
5.445445445445445287e+00 7.887561501018281514e-05 7.076653631767923860e-05
5.465465465465465300e+00 6.962309895577667223e-05 6.245440307697291743e-05
5.485485485485485313e+00 6.271231919197649848e-05 5.621016888208621155e-05
5.505505505505505326e+00 5.801026677572153096e-05 5.191459005926690067e-05
5.525525525525525339e+00 5.537788113325934171e-05 4.944313310093255908e-05
5.545545545545545352e+00 5.467461861819307390e-05 4.867007628811817005e-05
5.565565565565565365e+00 5.576130017970387166e-05 4.947108789192473038e-05
5.585585585585585378e+00 5.850136030753582246e-05 5.172438798873075128e-05
5.605605605605605390e+00 6.276070970009203136e-05 5.531068061113907325e-05
5.625625625625625403e+00 6.840649099342824247e-05 6.011210191159663713e-05
5.645645645645645416e+00 7.530505004670579137e-05 6.601046796921150443e-05
5.665665665665665429e+00 8.331946556509701942e-05 7.288512362592818375e-05
5.685685685685685442e+00 9.230697896392687076e-05 8.061069285066704588e-05
5.705705705705705455e+00 1.021166466003646913e-04 8.905501363928476351e-05
5.725725725725725468e+00 1.125875004247516568e-04 9.807750869803770304e-05
5.745745745745745481e+00 1.235474535514329843e-04 1.075281996410834545e-04
5.765765765765765494e+00 1.348131271980756518e-04 1.172475197983010383e-04
5.785785785785785507e+00 1.461907080233167957e-04 1.270670217356557506e-04
5.805805805805805520e+00 1.574778733920134937e-04 1.368110131156368607e-04
5.825825825825825532e+00 1.684667499489251544e-04 1.462990915637929956e-04
5.845845845845845545e+00 1.789478016179470090e-04 1.553494888281287925e-04
5.865865865865865558e+00 1.887144802972365353e-04 1.637830797815900805e-04
5.885885885885885571e+00 1.975684194698414467e-04 1.714278656460220779e-04
5.905905905905905584e+00 2.053249107244866029e-04 1.781237058244409426e-04
5.925925925925925597e+00 2.118183782424827013e-04 1.837270510377854459e-04
5.945945945945945610e+00 2.169075583283260522e-04 1.881154235113183108e-04
5.965965965965965623e+00 2.204801007461118414e-04 1.911913983423510813e-04
5.985985985985985636e+00 2.224563355775638644e-04 1.928858635540381264e-04
6.006006006006005649e+00 2.227919920070879536e-04 1.931603733631321598e-04
6.026026026026025662e+00 2.214797112449770969e-04 1.920084575864993131e-04
6.046046046046045674e+00 2.185492611663107025e-04 1.894558067965098843e-04
6.066066066066065687e+00 2.140664309195420265e-04 1.855593141228210603e-04
6.086086086086085700e+00 2.081306551095973216e-04 1.804050164688165904e-04
6.106106106106105713e+00 2.008714845169013807e-04 1.741050363186915175e-04
6.126126126126125726e+00 1.924440793351676698e-04 1.667936764941003894e-04
6.146146146146145739e+00 1.830239479184460067e-04 1.586228609900018150e-04
6.166166166166165752e+00 1.728011862821547825e-04 1.497571430042297512e-04
6.186186186186185765e+00 1.619744894957870346e-04 1.403685150815897479e-04
6.206206206206205778e+00 1.507452052529451004e-04 1.306312555887340998e-04
6.226226226226225791e+00 1.393116831334131271e-04 1.207170312366760635e-04
6.246246246246245803e+00 1.278641423019721206e-04 1.107904487370106183e-04
6.266266266266265816e+00 1.165802384303653749e-04 1.010052123508659624e-04
6.286286286286285829e+00 1.056214609171665051e-04 9.150100104195862374e-05
6.306306306306305842e+00 9.513043777169922707e-05 8.240113243074579860e-05
6.326326326326325855e+00 8.522917159162162859e-05 7.381103403005371990e-05
6.346346346346345868e+00 7.601817939411202227e-05 6.581749835033755595e-05
6.366366366366365881e+00 6.757646463745517050e-05 5.848865997501486434e-05
6.386386386386385894e+00 5.996221388014415178e-05 5.187460160290946877e-05
6.406406406406405907e+00 5.321408465776864498e-05 4.600847362460526441e-05
6.426426426426426808e+00 4.735293597555785842e-05 4.090799861430732787e-05
6.446446446446446821e+00 4.238384818887482551e-05 3.657722806715443494e-05
6.466466466466466834e+00 3.829828415430999760e-05 3.300842308227387229e-05
6.486486486486486847e+00 3.507625700393386220e-05 3.018394229223564929e-05
6.506506506506506859e+00 3.268838995522687816e-05 2.807803763832490563e-05
6.526526526526526872e+00 3.109777822661100575e-05 2.665847986439172016e-05
6.546546546546546885e+00 3.026159032989956767e-05 2.588795907454038132e-05
6.566566566566566898e+00 3.013237378497009698e-05 2.572522966834975963e-05
6.586586586586586911e+00 3.065905687448716775e-05 2.612599190032006334e-05
6.606606606606606924e+00 3.178766193457748245e-05 2.704352292064019137e-05
6.626626626626626937e+00 3.346176570087772015e-05 2.842908744366653333e-05
6.646646646646646950e+00 3.562275759355266899e-05 3.023217146787287755e-05
6.666666666666666963e+00 3.820995707791271709e-05 3.240059135077879811e-05
6.686686686686686976e+00 4.116065625882864385e-05 3.488053492476469211e-05
6.706706706706706989e+00 4.441015383346436904e-05 3.761659138018378967e-05
6.726726726726727001e+00 4.789184186747327522e-05 4.055182271353586604e-05
6.746746746746747014e+00 5.153739821022003186e-05 4.362792218934088273e-05
6.766766766766767027e+00 5.527712551760728687e-05 4.678549517704901626e-05
6.786786786786787040e+00 5.904046370866135741e-05 4.996448567308552064e-05
6.806806806806807053e+00 6.275668720838879343e-05 5.310475862876373618e-05
6.826826826826827066e+00 6.635578250567078528e-05 5.614683471583867258e-05
6.846846846846847079e+00 6.976948633532798231e-05 5.903276118689007622e-05
6.866866866866867092e+00 7.293245106327855116e-05 6.170709078136634882e-05
6.886886886886887105e+00 7.578349238981288546e-05 6.411793085038233937e-05
6.906906906906907118e+00 7.826686592097270156e-05 6.621801756102954357e-05
6.926926926926927131e+00 8.033351394949406557e-05 6.796576558160257950e-05
6.946946946946947143e+00 8.194222219422475282e-05 6.932624226176481430e-05
6.966966966966967156e+00 8.306062831776863059e-05 7.027201704521457187e-05
6.986986986986987169e+00 8.366602960900339496e-05 7.078384154375308879e-05
7.007007007007007182e+00 8.374594590763428915e-05 7.085112304400739984e-05
7.027027027027027195e+00 8.329840510696796460e-05 7.047216374007814926e-05
7.047047047047047208e+00 8.233193169522160556e-05 6.965414909039114992e-05
7.067067067067067221e+00 8.086523297788507749e-05 6.841288070087300983e-05
7.087087087087087234e+00 7.892659200528909290e-05 6.677226131165092378e-05
7.107107107107107247e+00 7.655298995622152535e-05 6.476355108704091293e-05
7.127127127127127260e+00 7.378899300559428869e-05 6.242442480568755861e-05
7.147147147147147273e+00 7.068544884808027691e-05 5.979786814037058935e-05
7.167167167167167285e+00 6.729804553008968625e-05 5.693095755623302115e-05
7.187187187187187298e+00 6.368578971374106704e-05 5.387357214924362277e-05
7.207207207207207311e+00 5.990946281456432682e-05 5.067708687149309518e-05
7.227227227227227324e+00 5.603011167940681516e-05 4.739309509687281862e-05
7.247247247247247337e+00 5.210762585370504342e-05 4.407220458220023471e-05
7.267267267267267350e+00 4.819944644502716384e-05 4.076294492758383847e-05
7.287287287287287363e+00 4.435944266909239489e-05 3.751081709787029304e-05
7.307307307307307376e+00 4.063698199749741894e-05 3.435750696893510403e-05
7.327327327327327389e+00 3.707620908353018846e-05 3.134027577524815898e-05
7.347347347347347402e+00 3.371553798515639468e-05 2.849153131785719890e-05
7.367367367367367414e+00 3.058735224154726743e-05 2.583857535966883279e-05
7.387387387387387427e+00 2.771789861137287950e-05 2.340351522737989419e-05
7.407407407407407440e+00 2.512735315090223055e-05 2.120332159778092057e-05
7.427427427427427453e+00 2.283003306731004598e-05 1.925000999848721037e-05
7.447447447447447466e+00 2.083472455680985191e-05 1.755092080901511653e-05
7.467467467467467479e+00 1.914509562114693648e-05 1.610907150178350242e-05
7.487487487487487492e+00 1.776016351868266687e-05 1.492355540385962478e-05
7.507507507507507505e+00 1.667478881300701933e-05 1.398996319119156908e-05
7.527527527527527518e+00 1.588017161891729282e-05 1.330080638310626257e-05
7.547547547547547531e+00 1.536433024736563843e-05 1.284592597801409898e-05
7.567567567567567544e+00 1.511254762872891094e-05 1.261287373376003788e-05
7.587587587587587556e+00 1.510777626157479802e-05 1.258725812268182180e-05
7.607607607607607569e+00 1.533099763248481215e-05 1.275305137929913715e-05
7.627627627627627582e+00 1.576153676762385232e-05 1.309285804334147116e-05
7.647647647647647595e+00 1.637733655486990975e-05 1.358814876884959634e-05
7.667667667667667608e+00 1.715519953203130981e-05 1.421946576607811983e-05
7.687687687687687621e+00 1.807100686117231580e-05 1.496660797351813853e-05
7.707707707707707634e+00 1.909992516374311533e-05 1.580880489070926039e-05
7.727727727727727647e+00 2.021661180728565071e-05 1.672488796453515088e-05
7.747747747747747660e+00 2.139542820428056398e-05 1.769346758952713755e-05
7.767767767767767673e+00 2.261066885039289588e-05 1.869312227602812460e-05
7.787787787787787686e+00 2.383681137499591102e-05 1.970260451103827149e-05
7.807807807807807698e+00 2.504879000926246360e-05 2.070106545882721550e-05
7.827827827827827711e+00 2.622229181662128302e-05 2.166829810591680298e-05
7.847847847847847724e+00 2.733407199665728593e-05 2.258499593114333696e-05
7.867867867867867737e+00 2.836228177336644357e-05 2.343302184867824257e-05
7.887887887887887750e+00 2.928679999500377840e-05 2.419568018265747265e-05
7.907907907907907763e+00 3.008955775551952431e-05 2.485798291142209707e-05
7.927927927927927776e+00 3.075484420660555183e-05 2.540690045887849553e-05
7.947947947947947789e+00 3.126958132973550405e-05 2.583158696445715202e-05
7.967967967967967802e+00 3.162355579744158409e-05 2.612357024690943293e-05
7.987987987987987815e+00 3.180959714420628147e-05 2.627689756753813369e-05
8.008008008008008716e+00 3.182369321825548683e-05 2.628822973630041423e-05
8.028028028028028729e+00 3.166503618692467520e-05 2.615687799910608214e-05
8.048048048048048742e+00 3.133599508060538912e-05 2.588478038106218810e-05
8.068068068068068754e+00 3.084201382297861022e-05 2.547641660544507232e-05
8.088088088088088767e+00 3.019143673687142894e-05 2.493866321989518536e-05
8.108108108108108780e+00 2.939526646399356585e-05 2.428059299763646309e-05
8.128128128128128793e+00 2.846686193154341336e-05 2.351322490874400978e-05
8.148148148148148806e+00 2.742158629737911576e-05 2.264923285718556967e-05
8.168168168168168819e+00 2.627641659388595840e-05 2.170262285893487288e-05
8.188188188188188832e+00 2.504952798816849935e-05 2.068838932805253661e-05
8.208208208208208845e+00 2.375986613931053946e-05 1.962216160518114762e-05
8.228228228228228858e+00 2.242672105708903881e-05 1.851985180204383035e-05
8.248248248248248871e+00 2.106931518262209851e-05 1.739731447250146155e-05
8.268268268268268884e+00 1.970641718522858358e-05 1.627002760929675774e-05
8.288288288288288896e+00 1.835599129423062003e-05 1.515280308247639755e-05
8.308308308308308909e+00 1.703488997304829369e-05 1.405953297431599940e-05
8.328328328328328922e+00 1.575859552169998415e-05 1.300297643038019170e-05
8.348348348348348935e+00 1.454101389276087041e-05 1.199458974449817435e-05
8.368368368368368948e+00 1.339432175083068282e-05 1.104440053089339752e-05
8.388388388388388961e+00 1.232886571095996462e-05 1.016092510393462345e-05
8.408408408408408974e+00 1.135311085389762799e-05 9.351126664826909436e-06
8.428428428428428987e+00 1.047363410972994582e-05 8.620410646471353034e-06
8.448448448448449000e+00 9.695156975563508402e-06 7.972652633351645239e-06
8.468468468468469013e+00 9.020611310207812150e-06 7.410253671680868152e-06
8.488488488488489025e+00 8.451231626647535329e-06 6.934217514133847549e-06
8.508508508508509038e+00 7.986667355501099154e-06 6.544244382080384501e-06
8.528528528528529051e+00 7.625108933950374526e-06 6.238836138831164526e-06
8.548548548548549064e+00 7.363422223860302062e-06 6.015408299941247331e-06
8.568568568568569077e+00 7.197286608857904000e-06 5.870405002600628400e-06
8.588588588588589090e+00 7.121333086936608230e-06 5.799413852997929927e-06
8.608608608608609103e+00 7.129279686780282387e-06 5.797278405796758021e-06
8.628628628628629116e+00 7.214062521349676363e-06 5.858206844961616102e-06
8.648648648648649129e+00 7.367961688971736053e-06 5.975876178721811427e-06
8.668668668668669142e+00 7.582721989660848629e-06 6.143531891761206790e-06
8.688688688688689155e+00 7.849669006018616943e-06 6.354083484458060684e-06
8.708708708708709167e+00 8.159821482114960154e-06 6.600196654137417404e-06
8.728728728728729180e+00 8.504001113618222597e-06 6.874383031149845795e-06
8.748748748748749193e+00 8.872940845731376564e-06 7.169088379143028274e-06
8.768768768768769206e+00 9.257392582476812703e-06 7.476780020507481241e-06
8.788788788788789219e+00 9.648234872266431338e-06 7.790033979573059793e-06
8.808808808808809232e+00 1.003658068899130723e-05 8.101621979009099536e-06
8.828828828828829245e+00 1.041388491841759918e-05 8.404598014327532143e-06
8.848848848848849258e+00 1.077205063168229427e-05 8.692383804227454711e-06
8.868868868868869271e+00 1.110353272527441971e-05 8.958852006724701557e-06
8.888888888888889284e+00 1.140143707044658353e-05 9.198405735521961228e-06
8.908908908908909297e+00 1.165961297886390203e-05 9.406052635929988660e-06
8.928928928928929309e+00 1.187273658192660606e-05 9.577471606495312589e-06
8.948948948948949322e+00 1.203638265592762469e-05 9.709070195554255498e-06
8.968968968968969335e+00 1.214708251154831313e-05 9.798030767484060217e-06
8.988988988988989348e+00 1.220236580180557850e-05 9.842343719713827346e-06
9.009009009009009361e+00 1.220078447574281893e-05 9.840826329254668059e-06
9.029029029029029374e+00 1.214191759590475077e-05 9.793126200533744741e-06
9.049049049049049387e+00 1.202635631914738819e-05 9.699708753069867886e-06
9.069069069069069400e+00 1.185566898084104228e-05 9.561828702373631966e-06
9.089089089089089413e+00 1.163234688735979073e-05 9.381486022397094335e-06
9.109109109109109426e+00 1.135973207550882481e-05 9.161367404286636788e-06
9.129129129129129439e+00 1.104192890619497824e-05 8.904774716600522680e-06
9.149149149149149451e+00 1.068370189250522505e-05 8.615542401716751552e-06
9.169169169169169464e+00 1.029036259374797151e-05 8.297946091097702082e-06
9.189189189189189477e+00 9.867648717585382549e-06 7.956604972721373082e-06
9.209209209209209490e+00 9.421598749999344024e-06 7.596380587475113284e-06
9.229229229229229503e+00 8.958425472959884558e-06 7.222274763923512728e-06
9.249249249249249516e+00 8.484391635319027199e-06 6.839329324986294443e-06
9.269269269269269529e+00 8.005690823677629451e-06 6.452530023749528245e-06
9.289289289289289542e+00 7.528336252923486342e-06 6.066716901876779135e-06
9.309309309309309555e+00 7.058059781844570549e-06 5.686502929819434532e-06
9.329329329329329568e+00 6.600222982123542794e-06 5.316202402941928645e-06
9.349349349349349581e+00 6.159741575381267544e-06 4.959770152951650487e-06
9.369369369369369593e+00 5.741024029237786279e-06 4.620752211013667989e-06
9.389389389389389606e+00 5.347924594771442174e-06 4.302248147951217499e-06
9.409409409409409619e+00 4.983710596797652761e-06 4.006884936167374672e-06
9.429429429429429632e+00 4.651043373816978229e-06 3.736801842532472930e-06
9.449449449449449645e+00 4.351971920497498663e-06 3.493645582959633128e-06
9.469469469469469658e+00 4.087938021328009304e-06 3.278574755180649098e-06
9.489489489489489671e+00 3.859791483609216166e-06 3.092272419620712548e-06
9.509509509509509684e+00 3.667813980264742004e-06 2.934965618525942519e-06
9.529529529529529697e+00 3.511749992570513808e-06 2.806450606263116295e-06
9.549549549549549710e+00 3.390843390541789229e-06 2.706122601564120925e-06
9.569569569569569722e+00 3.303878292189034738e-06 2.633008955651753324e-06
9.589589589589589735e+00 3.249222988039485407e-06 2.585804747322361517e-06
9.609609609609609748e+00 3.224875889204160694e-06 2.562909955102610697e-06
9.629629629629629761e+00 3.228512640932189183e-06 2.562467505536462597e-06
9.649649649649649774e+00 3.257533725124951323e-06 2.582401644284694627e-06
9.669669669669669787e+00 3.309112042552388366e-06 2.620456213241658528e-06
9.689689689689689800e+00 3.380240108774798044e-06 2.674232534402171474e-06
9.709709709709709813e+00 3.467776610064456380e-06 2.741226694083090717e-06
9.729729729729729826e+00 3.568492142969246555e-06 2.818866086047117721e-06
9.749749749749749839e+00 3.679114002579863330e-06 2.904545108211360172e-06
9.769769769769769852e+00 3.796369891870767580e-06 2.995659916316529263e-06
9.789789789789789864e+00 3.917030401958284367e-06 3.089642122522685548e-06
9.809809809809809877e+00 4.037950067017166342e-06 3.183991292317167775e-06
9.829829829829829890e+00 4.156106735601545308e-06 3.276306045449222323e-06
9.849849849849849903e+00 4.268638930717519561e-06 3.364313512580671170e-06
9.869869869869869916e+00 4.372880802867489339e-06 3.445896845859578567e-06
9.889889889889889929e+00 4.466394221693888781e-06 3.519120435266228403e-06
9.909909909909909942e+00 4.546997510108021595e-06 3.582252449187424015e-06
9.929929929929929955e+00 4.612790305821508452e-06 3.633784301988293859e-06
9.949949949949949968e+00 4.662174043196885171e-06 3.672446656746059452e-06
9.969969969969969981e+00 4.693867585552868262e-06 3.697221599627696776e-06
9.989989989989989994e+00 4.706917604727077519e-06 3.707350673870049341e-06
1.001001001001001001e+01 4.700703399064815696e-06 3.702338534625747205e-06
1.003003003003003002e+01 4.674935959500997559e-06 3.681952078300179244e-06
1.005005005005005003e+01 4.629651230919741643e-06 3.646215007423335462e-06
1.007007007007007005e+01 4.565197666197774292e-06 3.595397909620557360e-06
1.009009009009009006e+01 4.482218326155603161e-06 3.530004051280144350e-06
1.011011011011011007e+01 4.381627932590240302e-06 3.450751207188055493e-06
1.013013013013013008e+01 4.264585426265757511e-06 3.358549960896969432e-06
1.015015015015015010e+01 4.132462710319208043e-06 3.254479011498628942e-06
1.017017017017017011e+01 3.986810366003038526e-06 3.139758106043170580e-06
1.019019019019019012e+01 3.829321207221485006e-06 3.015719279298152143e-06
1.021021021021021014e+01 3.661792589531527935e-06 2.883777121176902557e-06
1.023023023023023015e+01 3.486088406324620763e-06 2.745398805526271112e-06
1.025025025025025016e+01 3.304101689535124856e-06 2.602074601840844651e-06
1.027027027027027017e+01 3.117718685736293278e-06 2.455289554878164831e-06
1.029029029029029019e+01 2.928785203603920541e-06 2.306496958219745801e-06
1.031031031031031020e+01 2.739075929387739062e-06 2.157094169647540578e-06
1.033033033033033021e+01 2.550267288126142570e-06 2.008401222633205088e-06
1.035035035035035023e+01 2.363914295429173607e-06 1.861642583640016281e-06
1.037037037037037024e+01 2.181431703645997198e-06 1.717932293963259881e-06
1.039039039039039025e+01 2.004079603070813038e-06 1.578262622162727451e-06
1.041041041041041026e+01 1.832953499212097525e-06 1.443496243247012653e-06
1.043043043043043028e+01 1.668978756222430052e-06 1.314361857722300025e-06
1.045045045045045029e+01 1.512909178795559598e-06 1.191453070910746088e-06
1.047047047047047030e+01 1.365329403726778742e-06 1.075230273365254700e-06
1.049049049049049032e+01 1.226660690452711756e-06 9.660251987672274880e-07
1.051051051051051033e+01 1.097169638754583147e-06 8.640477875869562758e-07
1.053053053053053034e+01 9.769793219262944550e-07 7.693949534080707253e-07
1.055055055055055035e+01 8.660823046277150773e-07 6.820608338160116478e-07
1.057057057057057037e+01 7.643550150786927679e-07 6.019481081139363400e-07
1.059059059059059038e+01 6.715729592181751578e-07 5.288799782972664590e-07
1.061061061061061039e+01 5.874262974404061790e-07 4.626124357102095215e-07
1.063063063063063041e+01 5.115353496513960798e-07 4.028464713603454918e-07
1.065065065065065042e+01 4.434656486015519753e-07 3.492399305697352516e-07
1.067067067067067043e+01 3.827422216573344209e-07 3.014187600621440117e-07
1.069069069069069045e+01 3.288628444088730091e-07 2.589874453895196560e-07
1.071071071071071046e+01 2.813100730455580070e-07 2.215384866402700320e-07
1.073073073073073047e+01 2.395619238768875731e-07 1.886608087645519388e-07
1.075075075075075048e+01 2.031011257411250729e-07 1.599470480306265259e-07
1.077077077077077050e+01 1.714229227767725907e-07 1.349996968686180601e-07
1.079079079079079051e+01 1.440414500262583956e-07 1.134361247934671236e-07
1.081081081081081052e+01 1.204947419264421883e-07 9.489252269907933457e-08
1.083083083083083054e+01 1.003484636467663585e-07 7.902684136823990001e-08
1.085085085085085055e+01 8.319847754687062102e-08 6.552081261381551569e-08
1.087087087087087056e+01 6.867237212075593581e-08 5.408115335501984952e-08
1.089089089089089057e+01 5.643008928602090580e-08 4.444005961999459524e-08
1.091091091091091059e+01 4.616378854403210388e-08 3.635509956673846103e-08
1.093093093093093060e+01 3.759708426534024676e-08 2.960861282564909364e-08
1.095095095095095061e+01 3.048378607795464721e-08 2.400671852398372708e-08
1.097097097097097063e+01 2.460626298673119569e-08 1.937802698976448882e-08
1.099099099099099064e+01 1.977354032039857131e-08 1.557214105118306502e-08
1.101101101101101065e+01 1.581922570498857247e-08 1.245802269029360998e-08
1.103103103103103066e+01 1.259934671864905710e-08 9.922290143744026529e-09
1.105105105105105068e+01 9.990169303012305411e-09 7.867499848885081228e-09
1.107107107107107069e+01 7.886052884648292737e-09 6.210457299995200744e-09
1.109109109109109070e+01 6.197385875856992375e-09 4.880591205201553608e-09
1.111111111111111072e+01 4.848634047501016319e-09 3.818416532876906650e-09
1.113113113113113073e+01 3.776524369369421949e-09 2.974104242002039469e-09
1.115115115115115074e+01 2.928378381304105651e-09 2.306168771624991981e-09
1.117117117117117076e+01 2.260602004804266287e-09 1.780278730982804209e-09
1.119119119119119077e+01 1.737332886621372193e-09 1.368191649876756206e-09
1.121121121121121078e+01 1.329241796507264406e-09 1.046810050419158310e-09
1.123123123123123079e+01 1.012481164422535828e-09 7.973533946633138837e-10
1.125125125125125081e+01 7.677714035453265647e-10 6.046385418830103892e-10
1.127127127127127082e+01 5.796140813825721184e-10 4.564601017997350893e-10
1.129129129129129083e+01 4.356201289044512372e-10 3.430613830345377174e-10
1.131131131131131085e+01 3.259409795126120367e-10 2.566864012925567264e-10
1.133133133133133086e+01 2.427906787906806861e-10 1.912035292379801056e-10
1.135135135135135087e+01 1.800474886415689461e-10 1.417917501205111400e-10
1.137137137137137088e+01 1.329242267629425819e-10 1.046810421424074413e-10
1.139139139139139090e+01 9.769745105142489261e-11 7.693910462954678952e-11
1.141141141141141091e+01 7.148655017228501215e-11 5.629738651435160533e-11
1.143143143143143092e+01 5.207478207820280088e-11 4.101014984274758736e-11
1.145145145145145094e+01 3.776527043340135858e-11 2.974106347674305018e-11
1.147147147147147095e+01 2.726589466430188505e-11 2.147255122642700583e-11
1.149149149149149096e+01 1.959787223244583483e-11 1.543379817978532192e-11
1.151151151151151097e+01 1.402361909808964643e-11 1.104393907374045572e-11
1.153153153153153099e+01 9.990179882626163058e-12 7.867508179429525951e-12
1.155155155155155100e+01 7.085141448741378326e-12 5.579720180747356796e-12
1.157157157157157101e+01 5.002484568282138404e-12 3.939577537224550728e-12
1.159159159159159103e+01 3.516292594405011770e-12 2.769165427727388749e-12
1.161161161161161104e+01 2.460629748433054201e-12 1.937805414896423798e-12
1.163163163163163105e+01 1.714231811766649147e-12 1.349998994909513679e-12
1.165165165165165106e+01 1.188926058973824987e-12 9.363080148315809594e-13
1.167167167167167108e+01 8.209224974038387468e-13 6.464963132679455280e-13
1.169169169169169109e+01 5.643018643568065043e-13 4.444013607016972653e-13
1.171171171171171110e+01 3.861738201359779139e-13 3.041212194671890851e-13
1.173173173173173112e+01 2.630971765042695399e-13 2.071953871152593126e-13
1.175175175175175113e+01 1.784479496016985400e-13 1.405320744559496132e-13
1.177177177177177114e+01 1.204949796956190538e-13 9.489270958813896959e-14
1.179179179179179116e+01 8.100062301790901396e-14 6.378994889175630741e-14
1.181181181181181117e+01 5.420879849543454195e-14 4.269073936311247130e-14
1.183183183183183118e+01 3.611712893444656854e-14 2.844311220095094147e-14
1.185185185185185119e+01 2.395624099831492483e-14 1.886611895050769113e-14
1.187187187187187121e+01 1.581925923627935326e-14 1.245804909382721462e-14
1.189189189189189122e+01 1.039957589049002858e-14 8.189917433148935555e-15
1.191191191191191123e+01 6.806237974409616010e-15 5.360076951960298717e-15
1.193193193193193125e+01 4.434663249330431004e-15 3.492404520942901464e-15
1.195195195195195126e+01 2.876578165795214617e-15 2.265374849507608685e-15
1.197197197197197127e+01 1.857606526954789493e-15 1.462910049336771438e-15
1.199199199199199128e+01 1.194244618149529149e-15 9.404965087635169697e-16
1.201201201201201130e+01 7.643545815468574790e-16 6.019477119487504751e-16
1.203203203203203131e+01 4.870330901188091414e-16 3.835503329450175680e-16
1.205205205205205132e+01 3.089470701662713251e-16 2.433032868377678648e-16
1.207207207207207134e+01 1.951064867433739930e-16 1.536510751905966051e-16
1.209209209209209135e+01 1.226651946097714463e-16 9.660180629999088181e-17
1.211211211211211136e+01 7.677733113193875597e-17 6.046400442955795959e-17
1.213213213213213137e+01 4.784170915901664961e-17 3.767650258039595576e-17
1.215215215215215139e+01 2.967852940109907069e-17 2.337255940932712778e-17
1.217217217217217140e+01 1.832905541043012429e-17 1.443457425762013218e-17
1.219219219219219141e+01 1.126937437467109382e-17 8.874904767626214897e-18
1.221221221221221143e+01 6.897973870383451984e-18 5.432321187840018630e-18
1.223223223223223144e+01 4.203444320141260660e-18 3.310314024274465048e-18
1.225225225225225145e+01 2.550063933552913464e-18 2.008236997832537519e-18
1.227227227227227146e+01 1.540135227626138191e-18 1.212893725952486734e-18
1.229229229229229148e+01 9.260376754558811603e-19 7.292770572407894058e-19
1.231231231231231149e+01 5.543199044187166735e-19 4.365403259273082712e-19
1.233233233233233150e+01 3.303347836774367613e-19 2.601466282956121084e-19
1.235235235235235152e+01 1.959792789475500636e-19 1.543384201519458941e-19
1.237237237237237153e+01 1.157518711467332578e-19 9.115739693684462929e-20
1.239239239239239154e+01 6.806250056475817676e-20 5.360086466879523593e-20
1.241241241241241156e+01 3.984279501315332271e-20 3.137716430936375944e-20
1.243243243243243157e+01 2.321954520900516123e-20 1.828595320612256070e-20
1.245245245245245158e+01 1.347161420211439060e-20 1.060922187292721393e-20
1.247247247247247159e+01 7.781217965098025571e-21 6.127897265672542632e-21
1.249249249249249161e+01 4.474428167871794868e-21 3.523720355647993978e-21
1.251251251251251162e+01 2.561471426755772187e-21 2.017220674516512100e-21
1.253253253253253163e+01 1.459834109341268452e-21 1.149654653949174508e-21
1.255255255255255165e+01 8.282844607894274409e-22 6.522940374163708132e-22
1.257257257257257166e+01 4.678617452283002735e-22 3.684524353587063407e-22
1.259259259259259167e+01 2.630980171693996166e-22 2.071960491593710291e-22
1.261261261261261168e+01 1.472921594474259915e-22 1.159961364893491081e-22
1.263263263263263170e+01 8.209254119202573445e-23 6.464986085200707839e-23
1.265265265265265171e+01 4.555014727635135039e-23 3.587184219716414210e-23
1.267267267267267172e+01 2.516157875333904997e-23 1.981535157274678633e-23
1.269269269269269174e+01 1.383719320201162453e-23 1.089712417355751608e-23
1.271271271271271175e+01 7.575654123987439394e-24 5.966010771101529714e-24
1.273273273273273176e+01 4.129089412858180522e-24 3.251757737190225429e-24
1.275275275275275177e+01 2.240528395368203483e-24 1.764470278203489329e-24
1.277277277277277179e+01 1.210343474606789359e-24 9.531747474283883408e-25
1.279279279279279180e+01 6.509218193923097416e-25 5.126166694098616937e-25
1.281281281281281181e+01 3.485066279930356361e-25 2.744573950153287097e-25
1.283283283283283360e+01 1.857613122006250889e-25 1.462915243099238325e-25
1.285285285285285362e+01 9.857380348666725423e-26 7.762925335883212963e-26
1.287287287287287363e+01 5.207505939812181268e-26 4.101036823885781064e-26
1.289289289289289364e+01 2.738798299684734716e-26 2.156869873989613167e-26
1.291291291291291365e+01 1.434010531908206955e-26 1.129317962411714425e-26
1.293293293293293367e+01 7.474921706581196981e-27 5.886681557094539139e-27
1.295295295295295368e+01 3.879028506175300847e-27 3.054828727723221314e-27
1.297297297297297369e+01 2.004016578404603967e-27 1.578211504452222676e-27
1.299299299299299371e+01 1.030722281737940285e-27 8.117187155353151471e-28
1.301301301301301372e+01 5.277691918013236543e-28 4.156309978530201121e-28
1.303303303303303373e+01 2.690347758214505977e-28 2.118713901245052079e-28
1.305305305305305374e+01 1.365321166644145879e-28 1.075223426637182888e-28
1.307307307307307376e+01 6.898000809215964575e-29 5.432342402821893513e-29
1.309309309309309377e+01 3.469554186719779218e-29 2.732357801730723703e-29
1.311311311311311378e+01 1.737345221193137634e-29 1.368201363620915723e-29
1.313313313313313380e+01 8.660851440777256725e-30 6.820629893724671675e-30
1.315315315315315381e+01 4.298303428780632579e-30 3.385017865634860799e-30
1.317317317317317382e+01 2.123711736166474540e-30 1.672474334931097382e-30
1.319319319319319384e+01 1.044614571777017994e-30 8.226592298000793250e-31
1.321321321321321385e+01 5.115388327263676924e-31 4.028491976975153541e-31
1.323323323323323386e+01 2.493808795690112711e-31 1.963934716745473116e-31
1.325325325325325387e+01 1.210346482558799308e-31 9.531771162633161462e-32
1.327327327327327389e+01 5.848147103071143435e-32 4.605557228046239454e-32
1.329329329329329390e+01 2.813124025778695622e-32 2.215403180181939285e-32
1.331331331331331391e+01 1.347167159598328425e-32 1.060926707198651777e-32
1.333333333333333393e+01 6.422677427667529391e-33 5.058013748469105882e-33
1.335335335335335394e+01 3.048405591955383964e-33 2.400693101696060329e-33
1.337337337337337395e+01 1.440427501114254199e-33 1.134371480797656073e-33
1.339339339339339396e+01 6.775979370691011003e-34 5.336247570002096656e-34
1.341341341341341398e+01 3.173326522735364284e-34 2.499071354764603829e-34
1.343343343343343399e+01 1.479515310851718407e-34 1.165154075949945757e-34
1.345345345345345400e+01 6.867302558705349388e-35 5.408166788386118835e-35
1.347347347347347402e+01 3.173327649358136715e-35 2.499072242007273994e-35
1.349349349349349403e+01 1.459841365325227757e-35 1.149660368211962571e-35
1.351351351351351404e+01 6.685877743384422713e-36 5.265290360207790666e-36
1.353353353353353405e+01 3.048408838773300943e-36 2.400695658643664292e-36
1.355355355355355407e+01 1.383725706600216272e-36 1.089717446799403726e-36
1.357357357357357408e+01 6.253005664983995284e-37 4.924393133383665790e-37
1.359359359359359409e+01 2.813129019484656487e-37 2.215407112846110746e-37
1.361361361361361411e+01 1.259947633924982426e-37 9.922392221180021136e-38
1.363363363363363412e+01 5.617943350270483297e-38 4.424266207326586011e-38
1.365365365365365413e+01 2.493814993317003312e-38 1.963939597526482970e-38
1.367367367367367414e+01 1.102080006258552636e-38 8.679146487344394984e-39
1.369369369369369416e+01 4.848685676964109856e-39 3.818457192080427498e-39
1.371371371371371417e+01 2.123718521988569241e-39 1.672479678930050576e-39
1.373373373373373418e+01 9.260445796543036374e-40 7.292824944639624618e-40
1.375375375375375420e+01 4.020025881677172371e-40 3.165867569673208425e-40
1.377377377377377421e+01 1.737352006091620301e-40 1.368206706892502029e-40
1.379379379379379422e+01 7.474958860057825907e-41 5.886710816355603923e-41
1.381381381381381424e+01 3.201782372611576535e-41 2.521481024488671505e-41
1.383383383383383425e+01 1.365327468128712834e-41 1.075228389208623630e-41
1.385385385385385426e+01 5.796206662030004900e-42 4.564652875018029087e-42
1.387387387387387427e+01 2.449700053263097561e-42 1.929198015714459698e-42
1.389389389389389429e+01 1.030727770795414295e-42 8.117230383007790004e-43
1.391391391391391430e+01 4.317546850557827176e-43 3.400172525511962041e-43
1.393393393393393431e+01 1.800495980648145069e-43 1.417934113419887627e-43
1.395395395395395433e+01 7.474966821541277221e-44 5.886717086216298156e-44
1.397397397397397434e+01 3.089501413653328116e-44 2.433057054812778260e-44
1.399399399399399435e+01 1.271245834871525197e-44 1.001136828507886454e-44
1.401401401401401436e+01 5.207541067416910632e-45 4.101064487723747723e-45
1.403403403403403438e+01 2.123723045881971404e-45 1.672483241605473873e-45
1.405405405405405439e+01 8.622338568031472692e-46 6.790300075352964767e-46
1.407407407407407440e+01 3.485092263310602857e-46 2.744594412693403590e-46
1.409409409409409442e+01 1.402379335668179012e-46 1.104407630659199734e-46
1.411411411411411443e+01 5.617961301088954253e-47 4.424280344030108949e-47
1.413413413413413444e+01 2.240546690845991541e-47 1.764484686334557782e-47
1.415415415415415445e+01 8.895928215697124992e-48 7.005758537173028338e-48
1.417417417417417447e+01 3.516337536557790971e-48 2.769200820759010493e-48
1.419419419419419448e+01 1.383731601764041817e-48 1.089722089383437472e-48
1.421421421421421449e+01 5.420947209874945975e-49 4.269126984200781595e-49
1.423423423423423451e+01 2.114270316093068999e-49 1.665038988368207451e-49
1.425425425425425452e+01 8.209332811684107705e-50 6.465048057432379463e-50
1.427427427427427453e+01 3.173344548748211603e-50 2.499085550685516327e-50
1.429429429429429455e+01 1.221205102864988969e-50 9.617285422716529964e-51
1.431431431431431456e+01 4.678665622817480285e-51 3.684562289047531753e-51
1.433433433433433457e+01 1.784503570766351425e-51 1.405339704006640568e-51
1.435435435435435458e+01 6.776022672861450781e-52 5.336281671508188805e-52
1.437437437437437460e+01 2.561499618198010148e-52 2.017242875958828875e-52
1.439439439439439461e+01 9.639971640476672411e-53 7.591710722126478280e-53
1.441441441441441462e+01 3.611762902025045103e-53 2.844350603061147187e-53
1.443443443443443464e+01 1.347177203584301197e-53 1.060934617080427996e-53
1.445445445445445465e+01 5.002559161932586892e-54 3.939636281527250758e-54
1.447447447447447466e+01 1.849361266658381472e-54 1.456416707516538408e-54
1.449449449449449467e+01 6.806334631540737054e-55 5.360153071787828652e-55
1.451451451451451469e+01 2.493830044760842443e-55 1.963951450902388554e-55
1.453453453453453470e+01 9.096669668494026305e-56 7.163847284361305838e-56
1.455455455455455471e+01 3.303391230064391828e-56 2.601500456221088308e-56
1.457457457457457473e+01 1.194262001921094158e-56 9.405101989038929061e-57
1.459459459459459474e+01 4.298344631569586090e-57 3.385050313827276949e-57
1.461461461461461475e+01 1.540156552681348132e-57 1.212910519949017618e-57
1.463463463463463476e+01 5.494023571005589817e-58 4.326676385279938922e-58
1.465465465465465478e+01 1.951093960395307613e-58 1.536533663316549521e-58
1.467467467467467479e+01 6.898074279294887348e-59 5.432400262285252438e-59
1.469469469469469480e+01 2.427949024844553478e-59 1.912068554983580037e-59
1.471471471471471482e+01 8.507721758695334156e-60 6.700036567033134265e-60
1.473473473473473483e+01 2.967898248417903017e-60 2.337291622320629906e-60
1.475475475475475484e+01 1.030734357702939756e-60 8.117282256496998666e-61
1.477477477477477485e+01 3.563744120082075417e-61 2.806534651382489474e-61
1.479479479479479487e+01 1.226671543613913868e-61 9.660334965177039509e-62
1.481481481481481488e+01 4.203509983797848256e-62 3.310365735991507572e-62
1.483483483483483489e+01 1.434028860171498864e-62 1.129332396362159571e-62
1.485485485485485491e+01 4.870412169950493670e-63 3.835567330565313955e-63
1.487487487487487492e+01 1.646779894261850421e-63 1.296878979161790381e-63
1.489489489489489493e+01 5.543287604705893762e-64 4.365473002822613702e-64
1.491491491491491495e+01 1.857638842931165780e-64 1.462935498949436123e-64
1.493493493493493496e+01 6.197509069321289926e-65 4.880688222617637617e-65
1.495495495495495497e+01 2.058425125183454451e-65 1.621059550417624767e-65
1.497497497497497498e+01 6.806361212492545452e-66 5.360174004929995734e-66
1.499499499499499500e+01 2.240561804614356461e-66 1.764496588792534299e-66
1.501501501501501501e+01 7.342786129276906972e-67 5.782621595467334121e-67
1.503503503503503502e+01 2.395669177591177891e-67 1.886647394876314412e-67
1.505505505505505504e+01 7.781347806369317407e-68 6.127999518812717346e-68
1.507507507507507505e+01 2.516198074548305346e-68 1.981566815127872220e-68
1.509509509509509506e+01 8.100220469921574654e-69 6.379119450402371138e-69
1.511511511511511507e+01 2.596036947993714511e-69 2.044441858144911572e-69
1.513513513513513509e+01 8.282985760255589824e-70 6.523051535060733930e-70
1.515515515515515510e+01 2.631025007626726487e-70 2.071995800974685442e-70
1.517517517517517511e+01 8.320033081888468973e-71 6.552227196499970531e-71
1.519519519519519513e+01 2.619311477811378081e-71 2.062771113059656340e-71
1.521521521521521514e+01 8.209396932041789411e-72 6.465098553764223219e-72
1.523523523523523515e+01 2.561517806390151695e-72 2.017257199599856814e-72
1.525525525525525516e+01 7.956929671922449413e-73 6.266274482790181597e-73
1.527527527527527518e+01 2.460683038278173130e-73 1.937847381937676163e-73
1.529529529529529519e+01 7.575788603985292854e-74 5.966116677351017674e-74
1.531531531531531520e+01 2.321999036818066894e-74 1.828630377973540798e-74
1.533533533533533522e+01 7.085299922558892381e-75 5.579844982709149507e-75
1.535535535535535523e+01 2.152367660368643124e-75 1.695041568023837975e-75
1.537537537537537524e+01 6.509336053976529111e-76 5.126259511740070279e-76
1.539539539539539525e+01 1.959832449511348033e-76 1.543415434756506547e-76
1.541541541541541527e+01 5.874395883357723403e-77 4.626228777110518324e-77
1.543543543543543528e+01 1.752949857300850056e-77 1.380490391812283285e-77
1.545545545545545529e+01 5.207602079082980511e-78 4.101112535885791253e-78
1.547547547547547531e+01 1.540168035525745048e-78 1.212919562966588498e-78
1.549549549549549532e+01 4.534823993372492648e-79 3.571283528354864210e-79
1.551551551551551533e+01 1.329274830372255086e-79 1.046836065369472972e-79
1.553553553553553535e+01 3.879101496723217855e-80 3.054886209544319865e-80
1.555555555555555536e+01 1.126962643756018462e-80 8.875103273245227312e-81
1.557557557557557537e+01 3.259491955729107688e-81 2.566928716376398541e-81
1.559559559559559538e+01 9.385389968170577988e-82 7.391221500437491934e-82
1.561561561561561540e+01 2.690399336872973634e-82 2.118754520685557485e-82
1.563563563563563541e+01 7.677913019228879291e-83 6.046542123307755100e-83
1.565565565565565542e+01 2.181381593187716966e-83 1.717890741557581702e-83
1.567567567567567544e+01 6.169956701673379046e-84 4.858990066990877282e-84
1.569569569569569545e+01 1.737379145950623497e-84 1.368228080187598373e-84
1.571571571571571546e+01 4.870450211114041175e-85 3.835597288901289026e-85
1.573573573573573547e+01 1.359269673872369072e-85 1.070457729778960869e-85
1.575575575575575549e+01 3.776627602807363354e-86 2.974185540684200918e-86
1.577577577577577550e+01 1.044635340611360899e-86 8.226755857592302440e-87
1.579579579579579551e+01 2.876651698056712847e-87 2.265432757941247805e-87
1.581581581581581553e+01 7.886274033570898889e-88 6.210631459422776971e-88
1.583583583583583554e+01 2.152377594376684366e-88 1.695049391295334306e-88
1.585585585585585555e+01 5.848265451156409346e-89 4.605650430024560846e-89
1.587587587587587556e+01 1.581968046394293247e-89 1.245838082079583382e-89
1.589589589589589558e+01 4.260203580905819645e-90 3.355013314334302703e-90
1.591591591591591559e+01 1.142154919963557707e-90 8.994746121253209526e-91
1.593593593593593560e+01 3.048468364381222144e-91 2.400742536498989267e-91
1.595595595595595562e+01 8.100286613874733084e-92 6.379171540364574022e-92
1.597597597597597563e+01 2.142797322672839590e-92 1.687504695716606766e-92
1.599599599599599564e+01 5.643178920612737964e-93 4.444139829064418867e-93
1.601601601601601743e+01 1.479546302146432152e-93 1.165178482343776032e-93
1.603603603603603744e+01 3.861849256273415303e-94 3.041299653101194025e-94
1.605605605605605746e+01 1.003515511653558014e-94 7.902927263449754394e-95
1.607607607607607747e+01 2.596060911475182028e-95 2.044460729965906739e-95
1.609609609609609748e+01 6.686020165687065344e-96 5.265402521214312069e-96
1.611611611611611750e+01 1.714282935078638804e-96 1.350039255753601333e-96
1.613613613613613751e+01 4.375818878071680466e-97 3.446063155959407420e-97
1.615615615615615752e+01 1.111983105488411411e-97 8.757135787945577165e-98
1.617617617617617753e+01 2.813189943410975912e-98 2.215455091910979918e-98
1.619619619619619755e+01 7.085360294483584286e-99 5.579892527059391065e-99
1.621621621621621756e+01 1.776588465366016582e-99 1.399106367148866118e-99
1.623623623623623757e+01 4.434797078203226440e-100 3.492509914415663868e-100
1.625625625625625759e+01 1.102104265280571547e-100 8.679337533007637360e-101
1.627627627627627760e+01 2.726676589397706902e-101 2.147323734084995217e-101
1.629629629629629761e+01 6.715936658888202258e-102 5.288962482869164519e-102
1.631631631631631763e+01 1.646802695942831842e-102 1.296896936036815060e-102
1.633633633633633764e+01 4.020115797878526257e-103 3.165938380855581987e-103
1.635635635635635765e+01 9.770067684324420751e-104 7.694164501849043989e-104
1.637637637637637766e+01 2.363842832046818109e-104 1.861583378328723156e-104
1.639639639639639768e+01 5.693792535311710264e-105 4.483999274270916220e-105
1.641641641641641769e+01 1.365358491245680337e-105 1.075252820663248297e-105
1.643643643643643770e+01 3.259520886202605868e-106 2.566951499823698942e-106
1.645645645645645772e+01 7.746809147514075124e-107 6.100799489960117493e-107
1.647647647647647773e+01 1.832964108076614599e-107 1.443503548716887377e-107
1.649649649649649774e+01 4.317646487208868845e-108 3.400250991783466007e-108
1.651651651651651775e+01 1.012516751079509286e-108 7.973814200062196171e-109
1.653653653653653777e+01 2.363847028213015861e-109 1.861586682911049836e-109
1.655655655655655778e+01 5.494124999870681020e-110 4.326756262963335126e-110
1.657657657657657779e+01 1.271275622934390678e-110 1.001160287327547037e-110
1.659659659659659781e+01 2.928484423922619513e-111 2.306252282664848813e-111
1.661661661661661782e+01 6.715960502446412275e-112 5.288981260247695062e-112
1.663663663663663783e+01 1.533329050866398898e-112 1.207533697208559133e-112
1.665665665665665784e+01 3.485175163962200776e-113 2.744659698960736693e-113
1.667667667667667786e+01 7.886346830139226860e-114 6.210688788480259743e-114
1.669669669669669787e+01 1.776597926494748412e-114 1.399113818016473859e-114
1.671671671671671788e+01 3.984413884343053250e-115 3.137822260819539922e-115
1.673673673673673790e+01 8.896142983473618544e-116 7.005927671989226751e-116
1.675675675675675791e+01 1.977429824095877344e-116 1.557273792674667658e-116
1.677677677677677792e+01 4.375849949024543688e-117 3.446087625085956208e-117
1.679679679679679793e+01 9.640194103491680056e-118 7.591885917129045825e-118
1.681681681681681795e+01 2.114322109993554135e-118 1.665079777317005009e-118
1.683683683683683796e+01 4.616560592463500718e-119 3.635653076197089767e-119
1.685685685685685797e+01 1.003524418618103604e-119 7.902997407948892539e-120
1.687687687687687799e+01 2.171697667518538411e-120 1.710264415975223004e-120
1.689689689689689800e+01 4.678781898564945380e-121 3.684653859009734383e-121
1.691691691691691801e+01 1.003525131178664024e-121 7.903003019535573722e-122
1.693693693693693803e+01 2.142820145442971058e-122 1.687522669199846940e-122
1.695695695695695804e+01 4.555176446688755859e-123 3.587311577380848124e-123
1.697697697697697805e+01 9.640214638798738776e-124 7.591902089179814141e-124
1.699699699699699806e+01 2.031094914136271069e-124 1.599536348484779501e-124
1.701701701701701808e+01 4.260256518571662350e-125 3.355055004025971179e-125
1.703703703703703809e+01 8.896174567407796345e-126 7.005952545100962405e-126
1.705705705705705810e+01 1.849408540783454325e-126 1.456453937032929112e-126
1.707707707707707812e+01 3.827581415798735311e-127 3.014312900270572087e-127
1.709709709709709813e+01 7.886386028570493572e-128 6.210719658192540087e-128
1.711711711711711814e+01 1.617683818708104879e-128 1.273965116238615990e-128
1.713713713713713815e+01 3.303476845524467683e-129 2.601567880465730900e-129
1.715715715715715817e+01 6.716003421063749703e-130 5.289015059696445548e-130
1.717717717717717818e+01 1.359291390145944644e-130 1.070474831869412823e-130
1.719719719719719819e+01 2.738900398602736498e-131 2.156950279355875782e-131
1.721721721721721821e+01 5.494167912647081582e-132 4.326790057812207266e-132
1.723723723723723822e+01 1.097209686307889724e-132 8.640791540287926277e-133
1.725725725725725823e+01 2.181420316205782183e-133 1.717921236870473213e-133
1.727727727727727824e+01 4.317686342513291536e-134 3.400282378799237689e-134
1.729729729729729826e+01 8.507948298238175797e-135 6.700214972399925636e-135
1.731731731731731827e+01 1.669016422765826523e-135 1.314390782947362409e-135
1.733733733733733828e+01 3.259555603110142210e-136 2.566978840227697590e-136
1.735735735735735830e+01 6.337503226350609265e-137 4.990937005766753810e-137
1.737737737737737831e+01 1.226704642352126087e-137 9.660595625742387720e-138
1.739739739739739832e+01 2.363871366124067760e-138 1.861605849604395219e-138
1.741741741741741833e+01 4.534920594013361407e-139 3.571359603694958837e-139
1.743743743743743835e+01 8.661189681155020275e-140 6.820896266199434155e-140
1.745745745745745836e+01 1.646824913269063180e-140 1.296914432718346658e-140
1.747747747747747837e+01 3.117305191524737476e-141 2.454953202068618766e-141
1.749749749749749839e+01 5.874531447638648117e-142 4.626335537259138332e-142
1.751751751751751840e+01 1.102120699115126917e-142 8.679466953427792626e-143
1.753753753753753841e+01 2.058482128403165999e-143 1.621104441831253190e-143
1.755755755755755843e+01 3.827604517202357763e-144 3.014331093184422607e-144
1.757757757757757844e+01 7.085476008778965250e-145 5.579983654864503826e-145
1.759759759759759845e+01 1.305789046026844077e-145 1.028340442406852927e-145
1.761761761761761846e+01 2.395736370543322900e-146 1.886700310950580578e-146
1.763763763763763848e+01 4.375896555867629239e-147 3.446124329101650315e-147
1.765765765765765849e+01 7.957141545236784992e-148 6.266441338147455117e-148
1.767767767767767850e+01 1.440486312553418307e-148 1.134417796227818745e-148
1.769769769769769852e+01 2.596110682490362432e-149 2.044499925843621787e-149
1.771771771771771853e+01 4.657997898401809765e-150 3.668285956408793625e-150
1.773773773773773854e+01 8.320269393413243690e-151 6.552413297538781070e-151
1.775775775775775855e+01 1.479576768797778645e-151 1.165202475568270804e-151
1.777777777777777857e+01 2.619386803325587702e-152 2.062830433723160646e-152
1.779779779779779858e+01 4.616616319221391587e-153 3.635696962366175006e-153
1.781781781781781859e+01 8.100464917654241885e-154 6.379311958901597539e-154
1.783783783783783861e+01 1.415005488244859934e-154 1.114351031062279642e-154
1.785785785785785862e+01 2.460754675633696479e-155 1.937903798087050063e-155
1.787787787787787863e+01 4.260303406768455439e-156 3.355091929614510995e-156
1.789789789789789864e+01 7.343020754135203571e-157 5.782806368215515923e-157
1.791791791791791866e+01 1.260001313205830875e-157 9.922814958494167696e-158
1.793793793793793867e+01 2.152431085977633595e-158 1.695091517224290869e-158
1.795795795795795868e+01 3.660576853681216056e-159 2.882792770112915354e-159
1.797797797797797870e+01 6.197718100849786570e-160 4.880852839999859328e-160
1.799799799799799871e+01 1.044662785775587653e-160 8.226971994895710364e-161
1.801801801801801872e+01 1.753002135299283292e-161 1.380531561999918647e-161
1.803803803803803874e+01 2.928537448928225309e-162 2.306294041138691884e-162
1.805805805805805875e+01 4.870585086723594650e-163 3.835703506704555017e-163
1.807807807807807876e+01 8.064426780020254546e-164 6.350931054259445463e-164
1.809809809809809877e+01 1.329314945109896764e-164 1.046867656695176753e-164
1.811811811811811879e+01 2.181445099297944899e-165 1.717940754154705293e-165
1.813813813813813880e+01 3.563876971931376179e-166 2.806639275425630374e-166
1.815815815815815881e+01 5.796463895341206549e-167 4.564855452469454409e-167
1.817817817817817883e+01 9.385676531820224620e-168 7.391447176239530112e-168
1.819819819819819884e+01 1.512969056670544155e-168 1.191499709557589394e-168
1.821821821821821885e+01 2.428043845821650109e-169 1.912143228795428689e-169
1.823823823823823886e+01 3.879225446082896558e-170 3.054983822661657676e-170
1.825825825825825888e+01 6.170147279237576581e-171 4.859140151430072922e-171
1.827827827827827889e+01 9.770303555800732611e-172 7.694350256339051225e-172
1.829829829829829890e+01 1.540219435973528567e-172 1.212960042061871443e-172
1.831831831831831892e+01 2.417236578633753044e-173 1.903632244609256469e-173
1.833833833833833893e+01 3.776745596098544676e-174 2.974278463253603443e-174
1.835835835835835894e+01 5.874600273778731660e-175 4.626389739508389938e-175
1.837837837837837895e+01 9.097057226414914167e-176 7.164152495593577294e-176
1.839839839839839897e+01 1.402444062235424644e-176 1.104458604395730404e-176
1.841841841841841898e+01 2.152445605355622459e-177 1.695102951585476613e-177
1.843843843843843899e+01 3.288825553024251223e-178 2.590029633413232203e-178
1.845845845845845901e+01 5.002781173488417120e-179 3.939811120994801538e-179
1.847847847847847902e+01 7.576073709475929795e-180 5.966341204817584245e-180
1.849849849849849903e+01 1.142191415366192277e-180 8.995033531372060199e-181
1.851851851851851904e+01 1.714334668556875783e-181 1.350079997118417754e-181
1.853853853853853906e+01 2.561617843754513954e-182 2.017335981442788054e-182
1.855855855855855907e+01 3.810615130538411634e-183 3.000951540452392517e-183
1.857857857857857908e+01 5.643361241289252291e-184 4.444283411004945205e-184
1.859859859859859910e+01 8.320369827844631927e-185 6.552492392081595241e-185
1.861861861861861911e+01 1.221263635285414869e-185 9.617746379678137538e-186
1.863863863863863912e+01 1.784589102109897337e-186 1.405407062007482333e-186
1.865865865865865914e+01 2.596145707110026214e-187 2.044527508578359627e-187
1.867867867867867915e+01 3.759948581842792707e-188 2.961050408443807352e-188
1.869869869869869916e+01 5.421216659574390940e-189 4.269339182353291466e-189
1.871871871871871917e+01 7.781684851269301899e-190 6.128264949819828879e-190
1.873873873873873919e+01 1.112019821204710756e-190 8.757424933087800131e-191
1.875875875875875920e+01 1.582025335156541663e-191 1.245883198364862866e-191
1.877877877877877921e+01 2.240662035342156685e-192 1.764575522913847653e-192
1.879879879879879923e+01 3.159375842858204463e-193 2.488084857090721562e-193
1.881881881881881924e+01 4.434945081896041304e-194 3.492626470901881775e-194
1.883883883883883925e+01 6.197795114243179581e-195 4.880913489909026659e-195
1.885885885885885926e+01 8.622797757154178924e-196 6.790661697888418497e-196
1.887887887887887928e+01 1.194321363048456969e-196 9.405569472268013866e-197
1.889889889889889929e+01 1.646858239820490525e-197 1.296940678183296024e-197
1.891891891891891930e+01 2.260753694686993994e-198 1.780398190382397475e-198
1.893893893893893932e+01 3.089671431981965256e-199 2.433190948356930903e-199
1.895895895895895933e+01 4.203715935556943642e-200 3.310527927980870138e-200
1.897897897897897934e+01 5.693986598860727651e-201 4.484152104007433044e-201
1.899899899899899935e+01 7.678237405914333347e-202 6.046797585664898441e-202
1.901901901901901937e+01 1.030786322560481753e-202 8.117691492313128592e-203
1.903903903903903938e+01 1.377646440079929480e-203 1.084929877442773913e-203
1.905905905905905939e+01 1.833027232419510598e-204 1.443553260663007609e-204
1.907907907907907941e+01 2.428074878945831555e-205 1.912167668130976055e-205
1.909909909909909942e+01 3.201969937771243787e-206 2.521628736586470988e-206
1.911911911911911943e+01 4.203726382654187702e-207 3.310536155322517624e-207
1.913913913913913944e+01 5.494316159361576532e-208 4.326906805683873896e-208
1.915915915915915946e+01 7.149157554455488394e-209 5.630134411645167960e-209
1.917917917917917947e+01 9.261004726798048930e-210 7.293265115728104268e-210
1.919919919919919948e+01 1.194327299323397005e-210 9.405616221868316556e-211
1.921921921921921950e+01 1.533382945048945851e-211 1.207576140180256672e-211
1.923923923923923951e+01 1.959927080207238530e-212 1.543489958717305137e-212
1.925925925925925952e+01 2.493969938995754381e-213 1.964061620994454803e-213
1.927927927927927954e+01 3.159399398009426180e-214 2.488103407341775824e-214
1.929929929929929955e+01 3.984555345059147050e-215 3.137933664553408444e-215
1.931931931931931956e+01 5.002846890798303327e-216 3.939862874965114436e-216
1.933933933933933957e+01 6.253405277333473521e-217 4.924707837769879496e-217
1.935935935935935959e+01 7.781762207896310548e-218 6.128325870033765984e-218
1.937937937937937960e+01 9.640539786980892555e-219 7.592158151234019497e-219
1.939939939939939961e+01 1.189013437525005677e-219 9.363768275530632913e-220
1.941941941941941963e+01 1.459937251358596938e-220 1.149735880781374433e-220
1.943943943943943964e+01 1.784611277572052873e-221 1.405424525720042184e-221
1.945945945945945965e+01 2.171776312515084637e-222 1.710326350811318892e-222
1.947947947947947966e+01 2.631167927262000859e-223 2.072108353642678842e-223
1.949949949949949968e+01 3.173540588249016848e-224 2.499239936531837347e-224
1.951951951951951969e+01 3.810671951858046608e-225 3.000996288615313031e-225
1.953953953953953970e+01 4.555343023316688582e-226 3.587442760502490039e-226
1.955955955955955972e+01 5.421289798232808661e-227 4.269396780814989468e-227
1.957957957957957973e+01 6.423122089089138014e-228 5.058363930088724415e-228
1.959959959959959974e+01 7.576205507149410249e-229 5.966444998671780578e-229
1.961961961961961975e+01 8.896503046969105741e-230 7.006211230696792349e-230
1.963963963963963977e+01 1.040037342544825673e-230 8.190545511209678619e-231
1.965965965965965978e+01 1.210432427204098112e-231 9.532447997492805010e-232
1.967967967967967979e+01 1.402471945369532228e-232 1.104480563037940869e-232
1.969969969969969981e+01 1.617744123904076206e-233 1.274012608038377478e-233
1.971971971971971982e+01 1.857750963942914974e-234 1.463023796956817894e-234
1.973973973973973983e+01 2.123866307491180637e-235 1.672596063586208431e-235
1.975975975975975985e+01 2.417290645134527097e-236 1.903674823285723987e-236
1.977977977977977986e+01 2.739003473752573011e-237 2.157031453528309378e-237
1.979979979979979987e+01 3.089714212260534381e-238 2.433224638860556642e-238
1.981981981981981988e+01 3.469812872678307526e-239 2.732561523177037561e-239
1.983983983983983990e+01 3.879321853879004693e-240 3.055059746131840535e-240
1.985985985985985991e+01 4.317850366292801977e-241 3.400411551491028911e-241
1.987987987987987992e+01 4.784553097918033601e-242 3.767951235617090184e-242
1.989989989989989994e+01 5.278094786007570651e-243 4.156627246815446549e-243
1.991991991991991995e+01 5.796622356743802274e-244 4.564980244654949653e-244
1.993993993993993996e+01 6.337746230658431647e-245 4.991128377534018120e-245
1.995995995995995997e+01 6.898532260426972678e-246 5.432760933498887541e-246
1.997997997997997999e+01 7.475505568279332164e-247 5.887141362297217933e-247
2.000000000000000000e+01 8.064667284385866007e-248 6.351120457261781024e-248
