0.015857	1.733e-14   	1.8171e-12 
0.031714	6.5505e-14  	5.6475e-12 
0.047571	2.4091e-13  	1.7085e-11 
0.063428	8.6198e-13  	5.0312e-11 
0.079285	3.0007e-12  	1.4424e-10 
0.095142	1.0163e-11  	4.0267e-10 
0.110999	3.3491e-11  	1.0947e-09 
0.126855	1.0737e-10  	2.8988e-09 
0.142712	3.3493e-10  	7.4786e-09 
0.158569	1.0164e-09  	1.8803e-08 
0.174426	3.0012e-09  	4.6086e-08 
0.190283	8.6218e-09  	1.1016e-07 
0.206140	2.4097e-08  	2.569e-07  
0.221997	6.5528e-08  	5.8482e-07 
0.237854	1.7337e-07  	1.3003e-06 
0.253711	4.4626e-07  	2.8253e-06 
0.269568	1.1176e-06  	6.0036e-06 
0.285425	2.7231e-06  	1.2485e-05 
0.301282	6.4554e-06  	2.5428e-05 
0.317139	1.4889e-05  	5.0759e-05 
0.332996	3.3411e-05  	9.9377e-05 
0.348853	7.2944e-05  	0.00019094 
0.364710	0.00015494  	0.00036023 
0.380566	0.00032021  	0.00066756 
0.396423	0.00064384  	0.0012154  
0.412280	0.0012595   	0.0021739  
0.428137	0.0023973   	0.0038194  
0.443994	0.0044392   	0.0065894  
0.459851	0.0079978   	0.011157   
0.475708	0.014019    	0.01853    
0.491565	0.023908    	0.030163   
0.507422	0.03967     	0.048089   
0.523279	0.064039    	0.075038   
0.539136	0.10058     	0.11451    
0.554993	0.1537      	0.1708     
0.570850	0.22851     	0.24882    
0.586707	0.33054     	0.35385    
0.602564	0.46517     	0.49097    
0.618421	0.63693     	0.66438    
0.634277	0.84849     	0.87646    
0.650134	1.0997      	1.1268     
0.665991	1.3868      	1.4115     
0.681848	1.7014      	1.7222     
0.697705	2.0308      	2.0463     
0.713562	2.3585      	2.3676     
0.729419	2.6649      	2.6669     
0.745276	2.9295      	2.9243     
0.761133	3.1333      	3.1212     
0.776990	3.2605      	3.2423     
0.792847	3.301       	3.278      
0.808704	3.2516      	3.2251     
0.824561	3.1161      	3.0879     
0.840418	2.9055      	2.8769     
0.856275	2.6358      	2.6082     
0.872132	2.3264      	2.3008     
0.887988	1.9977      	1.9749     
0.903845	1.669       	1.6494     
0.919702	1.3566      	1.3403     
0.935559	1.0729      	1.0598     
0.951416	0.82553     	0.81535    
0.967273	0.618       	0.61038    
0.983130	0.45013     	0.44465    
0.998987	0.31899     	0.31527    
1.014844	0.21997     	0.21764    
1.030701	0.14761     	0.14639    
1.046558	0.096443    	0.096105   
1.062415	0.061409    	0.061802   
1.078272	0.038208    	0.039241   
1.094129	0.023387    	0.025016   
1.109986	0.014323    	0.016545   
1.125843	0.0091254   	0.011963   
1.141699	0.0065055   	0.0099984  
1.157556	0.005639    	0.0098334  
1.173413	0.0060469   	0.010988   
1.189270	0.0074987   	0.013221   
1.205127	0.0099389   	0.01646    
1.220984	0.013435    	0.020751   
1.236841	0.018142    	0.02622    
1.252698	0.024275    	0.033051   
1.268555	0.032089    	0.041464   
1.284412	0.041865    	0.051704   
1.300269	0.053885    	0.06402    
1.316126	0.068415    	0.078647   
1.331983	0.085681    	0.095787   
1.347840	0.10584     	0.11558    
1.363697	0.12897     	0.13809    
1.379554	0.155       	0.16326    
1.395410	0.18376     	0.19091    
1.411267	0.21487     	0.22071    
1.427124	0.24783     	0.25218    
1.442981	0.28196     	0.28467    
1.458838	0.3164      	0.31739    
1.474695	0.35022     	0.34945    
1.490552	0.38237     	0.37986    
1.506409	0.41178     	0.4076     
1.522266	0.43741     	0.43169    
1.538123	0.4583      	0.45121    
1.553980	0.47365     	0.46539    
1.569837	0.48283     	0.47364    
1.585694	0.48549     	0.47562    
1.601551	0.48151     	0.47122    
1.617408	0.47106     	0.46059    
1.633265	0.45455     	0.44416    
1.649121	0.43264     	0.42254    
1.664978	0.40618     	0.39656    
1.680835	0.37614     	0.36716    
1.696692	0.34358     	0.33536    
1.712549	0.30956     	0.30219    
1.728406	0.27512     	0.26866    
1.744263	0.24118     	0.23565    
1.760120	0.20856     	0.20397    
1.775977	0.17792     	0.17423    
1.791834	0.14974     	0.14691    
1.807691	0.12434     	0.12232    
1.823548	0.10189     	0.10062    
1.839405	0.082436    	0.081842   
1.855262	0.065888    	0.065903   
1.871119	0.052081    	0.052639   
1.886975	0.040793    	0.041825   
1.902832	0.031762    	0.033204   
1.918689	0.024716    	0.026508   
1.934546	0.019388    	0.02147    
1.950403	0.015525    	0.017842   
1.966260	0.012904    	0.015402   
1.982117	0.01133     	0.013957   
1.997974	0.010642    	0.013347   
2.013831	0.010711    	0.013444   
2.029688	0.011435    	0.014148   
2.045545	0.012738    	0.015383   
2.061402	0.014561    	0.017091   
2.077259	0.016861    	0.019233   
2.093116	0.019602    	0.021774   
2.108973	0.022754    	0.024688   
2.124830	0.026285    	0.027946   
2.140686	0.03016     	0.031518   
2.156543	0.034336    	0.035367   
2.172400	0.038764    	0.039448   
2.188257	0.04338     	0.043706   
2.204114	0.048115    	0.048075   
2.219971	0.052886    	0.052482   
2.235828	0.057605    	0.056843   
2.251685	0.062175    	0.06107    
2.267542	0.066499    	0.065069   
2.283399	0.070475    	0.068748   
2.299256	0.07401     	0.072016   
2.315113	0.077015    	0.074789   
2.330970	0.079412    	0.076993   
2.346827	0.081138    	0.078567   
2.362684	0.082147    	0.079467   
2.378541	0.082411    	0.079666   
2.394397	0.081924    	0.079157   
2.410254	0.080698    	0.07795    
2.426111	0.078768    	0.076078   
2.441968	0.076184    	0.073589   
2.457825	0.073016    	0.070547   
2.473682	0.069344    	0.067029   
2.489539	0.065259    	0.063121   
2.505396	0.060859    	0.058915   
2.521253	0.056244    	0.054506   
2.537110	0.051511    	0.049988   
2.552967	0.046755    	0.045449   
2.568824	0.042063    	0.040971   
2.584681	0.03751     	0.036627   
2.600538	0.033164    	0.03248    
2.616395	0.029077    	0.028581   
2.632252	0.025291    	0.024967   
2.648108	0.021835    	0.021667   
2.663965	0.018726    	0.018697   
2.679822	0.015972    	0.016062   
2.695679	0.013571    	0.013761   
2.711536	0.011513    	0.011785   
2.727393	0.0097837   	0.010119   
2.743250	0.0083641   	0.0087458  
2.759107	0.0072319   	0.0076432  
2.774964	0.0063636   	0.006789   
2.790821	0.005735    	0.0061603  
2.806678	0.0053221   	0.0057346  
2.822535	0.0051019   	0.0054901  
2.838392	0.0050524   	0.0054065  
2.854249	0.0051533   	0.0054645  
2.870106	0.0053853   	0.0056465  
2.885963	0.0057307   	0.0059359  
2.901819	0.0061729   	0.0063175  
2.917676	0.0066961   	0.0067767  
2.933533	0.0072853   	0.0072996  
2.949390	0.007926    	0.0078729  
2.965247	0.0086038   	0.0084833  
2.981104	0.0093048   	0.0091178  
2.996961	0.010015    	0.0097634  
3.012818	0.01072     	0.010407   
3.028675	0.011407    	0.011036   
3.044532	0.012062    	0.011637   
3.060389	0.012673    	0.012199   
3.076246	0.013227    	0.01271    
3.092103	0.013713    	0.013159   
3.107960	0.014121    	0.013536   
3.123817	0.014443    	0.013835   
3.139674	0.014671    	0.014047   
3.155530	0.014803    	0.014168   
3.171387	0.014833    	0.014196   
3.187244	0.014763    	0.014129   
3.203101	0.014593    	0.013969   
3.218958	0.014327    	0.013719   
3.234815	0.01397     	0.013383   
3.250672	0.013529    	0.012969   
3.266529	0.013014    	0.012484   
3.282386	0.012433    	0.011938   
3.298243	0.011799    	0.01134    
3.314100	0.011123    	0.010702   
3.329957	0.010416    	0.010034   
3.345814	0.0096895   	0.0093482  
3.361671	0.008956    	0.0086544  
3.377528	0.0082257   	0.0079629  
3.393384	0.0075087   	0.0072832  
3.409241	0.0068139   	0.0066237  
3.425098	0.006149    	0.0059917  
3.440955	0.0055206   	0.0053935  
3.456812	0.0049339   	0.004834   
3.472669	0.0043931   	0.0043171  
3.488526	0.0039008   	0.0038456  
3.504383	0.0034588   	0.003421   
3.520240	0.0030676   	0.0030439  
3.536097	0.0027269   	0.0027143  
3.551954	0.0024356   	0.002431   
3.567811	0.0021919   	0.0021926  
3.583668	0.0019935   	0.0019968  
3.599525	0.0018376   	0.0018413  
3.615382	0.0017213   	0.0017231  
3.631239	0.0016411   	0.0016393  
3.647095	0.0015938   	0.0015867  
3.662952	0.0015757   	0.0015621  
3.678809	0.0015836   	0.0015623  
3.694666	0.0016138   	0.001584   
3.710523	0.0016631   	0.0016241  
3.726380	0.001728    	0.0016795  
3.742237	0.0018055   	0.0017472  
3.758094	0.0018924   	0.0018243  
3.773951	0.0019857   	0.001908   
3.789808	0.0020828   	0.0019956  
3.805665	0.0021808   	0.0020847  
3.821522	0.0022772   	0.0021728  
3.837379	0.0023698   	0.0022577  
3.853236	0.0024564   	0.0023373  
3.869093	0.002535    	0.0024098  
3.884950	0.0026039   	0.0024735  
3.900806	0.0026615   	0.0025269  
3.916663	0.0027068   	0.002569   
3.932520	0.0027386   	0.0025986  
3.948377	0.0027562   	0.0026151  
3.964234	0.0027593   	0.0026181  
3.980091	0.0027477   	0.0026073  
3.995948	0.0027215   	0.0025829  
4.011805	0.0026811   	0.0025452  
4.027662	0.0026271   	0.0024948  
4.043519	0.0025604   	0.0024325  
4.059376	0.0024822   	0.0023591  
4.075233	0.0023935   	0.002276   
4.091090	0.0022958   	0.0021843  
4.106947	0.0021906   	0.0020855  
4.122804	0.0020794   	0.0019809  
4.138661	0.0019638   	0.0018721  
4.154517	0.0018455   	0.0017606  
4.170374	0.0017259   	0.0016478  
4.186231	0.0016064   	0.0015351  
4.202088	0.0014887   	0.0014238  
4.217945	0.0013737   	0.0013151  
4.233802	0.0012629   	0.0012101  
4.249659	0.001157    	0.0011098  
4.265516	0.001057    	0.0010149  
4.281373	0.00096361  	0.0009261  
4.297230	0.00087728  	0.00084392 
4.313087	0.00079841  	0.00076872 
4.328944	0.00072725  	0.00070073 
4.344801	0.00066389  	0.00064005 
4.360658	0.00060828  	0.00058667 
4.376515	0.00056031  	0.00054046 
4.392372	0.00051971  	0.0005012  
4.408228	0.00048616  	0.0004686  
4.424085	0.00045927  	0.00044228 
4.439942	0.00043858  	0.00042183 
4.455799	0.00042358  	0.00040677 
4.471656	0.00041375  	0.00039661 
4.487513	0.00040853  	0.00039083 
4.503370	0.00040734  	0.0003889  
4.519227	0.00040962  	0.00039028 
4.535084	0.00041479  	0.00039443 
4.550941	0.00042229  	0.00040082 
4.566798	0.00043158  	0.00040895 
4.582655	0.00044215  	0.00041833 
4.598512	0.00045349  	0.00042849 
4.614369	0.00046514  	0.00043899 
4.630226	0.00047667  	0.00044942 
4.646083	0.00048768  	0.0004594  
4.661939	0.00049781  	0.00046861 
4.677796	0.00050675  	0.00047673 
4.693653	0.00051423  	0.00048352 
4.709510	0.00052002  	0.00048875 
4.725367	0.00052393  	0.00049225 
4.741224	0.00052581  	0.00049388 
4.757081	0.00052559  	0.00049356 
4.772938	0.0005232   	0.00049122 
4.788795	0.00051863  	0.00048687 
4.804652	0.00051191  	0.00048052 
4.820509	0.00050312  	0.00047224 
4.836366	0.00049236  	0.00046212 
4.852223	0.00047975  	0.00045029 
4.868080	0.00046546  	0.00043689 
4.883937	0.00044967  	0.00042209 
4.899794	0.00043259  	0.00040609 
4.915650	0.00041443  	0.00038907 
4.931507	0.00039541  	0.00037126 
4.947364	0.00037576  	0.00035286 
4.963221	0.0003557   	0.00033409 
4.979078	0.00033547  	0.00031514 
4.994935	0.00031528  	0.00029623 
5.010792	0.00029532  	0.00027754 
5.026649	0.00027579  	0.00025925 
5.042506	0.00025686  	0.00024152 
5.058363	0.00023868  	0.00022448 
5.074220	0.00022139  	0.00020827 
5.090077	0.00020509  	0.00019299 
5.105934	0.00018987  	0.00017871 
5.121791	0.0001758   	0.00016551 
5.137648	0.00016293  	0.00015342 
5.153504	0.00015129  	0.00014248 
5.169361	0.00014087  	0.00013268 
5.185218	0.00013167  	0.00012401 
5.201075	0.00012366  	0.00011645 
5.216932	0.0001168   	0.00010997 
5.232789	0.00011103  	0.00010451 
5.248646	0.0001063   	0.0001     
5.264503	0.00010252  	9.6393e-05 
5.280360	9.9619e-05  	9.3598e-05 
5.296217	9.7508e-05  	9.1541e-05 
5.312074	9.6097e-05  	9.0136e-05 
5.327931	9.5296e-05  	8.93e-05   
5.343788	9.5011e-05  	8.8947e-05 
5.359645	9.5153e-05  	8.8992e-05 
5.375502	9.5631e-05  	8.9351e-05 
5.391359	9.6359e-05  	8.9946e-05 
5.407215	9.7255e-05  	9.0699e-05 
5.423072	9.8243e-05  	9.154e-05  
5.438929	9.925e-05   	9.2401e-05 
5.454786	0.00010021  	9.3222e-05 
5.470643	0.00010107  	9.3949e-05 
5.486500	0.00010176  	9.4533e-05 
5.502357	0.00010226  	9.4933e-05 
5.518214	0.00010251  	9.5115e-05 
5.534071	0.0001025   	9.5051e-05 
5.549928	0.00010219  	9.472e-05  
5.565785	0.00010158  	9.4108e-05 
5.581642	0.00010065  	9.3207e-05 
5.597499	9.9404e-05  	9.2016e-05 
5.613356	9.7842e-05  	9.0539e-05 
5.629213	9.5977e-05  	8.8784e-05 
5.645070	9.3823e-05  	8.6767e-05 
5.660926	9.14e-05    	8.4505e-05 
5.676783	8.8733e-05  	8.202e-05  
5.692640	8.5848e-05  	7.9338e-05 
5.708497	8.2776e-05  	7.6486e-05 
5.724354	7.9547e-05  	7.3493e-05 
5.740211	7.6196e-05  	7.039e-05  
5.756068	7.2756e-05  	6.7207e-05 
5.771925	6.9261e-05  	6.3976e-05 
5.787782	6.5744e-05  	6.0727e-05 
5.803639	6.2237e-05  	5.7489e-05 
5.819496	5.8771e-05  	5.429e-05  
5.835353	5.5374e-05  	5.1156e-05 
5.851210	5.2072e-05  	4.811e-05  
5.867067	4.8889e-05  	4.5175e-05 
5.882924	4.5845e-05  	4.2369e-05 
5.898781	4.2958e-05  	3.9707e-05 
5.914637	4.0241e-05  	3.7203e-05 
5.930494	3.7707e-05  	3.4866e-05 
5.946351	3.5362e-05  	3.2704e-05 
5.962208	3.3213e-05  	3.072e-05  
5.978065	3.126e-05   	2.8918e-05 
5.993922	2.9504e-05  	2.7295e-05 
6.009779	2.7941e-05  	2.5849e-05 
6.025636	2.6565e-05  	2.4575e-05 
6.041493	2.5369e-05  	2.3465e-05 
6.057350	2.4343e-05  	2.2511e-05 
6.073207	2.3477e-05  	2.1703e-05 
6.089064	2.2758e-05  	2.1029e-05 
6.104921	2.2173e-05  	2.0478e-05 
6.120778	2.1708e-05  	2.0036e-05 
6.136635	2.1349e-05  	1.9691e-05 
6.152492	2.1082e-05  	1.943e-05  
6.168348	2.0891e-05  	1.9239e-05 
6.184205	2.0762e-05  	1.9105e-05 
6.200062	2.0682e-05  	1.9015e-05 
6.215919	2.0638e-05  	1.8958e-05 
6.231776	2.0616e-05  	1.8922e-05 
6.247633	2.0606e-05  	1.8897e-05 
6.263490	2.0595e-05  	1.8872e-05 
6.279347	2.0576e-05  	1.8839e-05 
6.295204	2.0538e-05  	1.8791e-05 
6.311061	2.0475e-05  	1.8721e-05 
6.326918	2.0381e-05  	1.8622e-05 
6.342775	2.025e-05   	1.8491e-05 
6.358632	2.0078e-05  	1.8324e-05 
6.374489	1.9864e-05  	1.8119e-05 
6.390346	1.9604e-05  	1.7873e-05 
6.406203	1.93e-05    	1.7588e-05 
6.422059	1.895e-05   	1.7262e-05 
6.437916	1.8557e-05  	1.6898e-05 
6.453773	1.8122e-05  	1.6497e-05 
6.469630	1.7649e-05  	1.6061e-05 
6.485487	1.7141e-05  	1.5595e-05 
6.501344	1.6602e-05  	1.5101e-05 
6.517201	1.6035e-05  	1.4583e-05 
6.533058	1.5447e-05  	1.4047e-05 
6.548915	1.4842e-05  	1.3495e-05 
6.564772	1.4225e-05  	1.2933e-05 
6.580629	1.3601e-05  	1.2365e-05 
6.596486	1.2975e-05  	1.1796e-05 
6.612343	1.2352e-05  	1.123e-05  
6.628200	1.1737e-05  	1.0671e-05 
6.644057	1.1134e-05  	1.0123e-05 
6.659914	1.0546e-05  	9.5899e-06 
6.675770	9.9781e-06  	9.0743e-06 
6.691627	9.4327e-06  	8.5793e-06 
6.707484	8.9127e-06  	8.1073e-06 
6.723341	8.4204e-06  	7.6603e-06 
6.739198	7.9576e-06  	7.2399e-06 
6.755055	7.5255e-06  	6.8472e-06 
6.770912	7.1251e-06  	6.4831e-06 
6.786769	6.7567e-06  	6.1478e-06 
6.802626	6.4203e-06  	5.8413e-06 
6.818483	6.1154e-06  	5.5632e-06 
6.834340	5.8415e-06  	5.3128e-06 
6.850197	5.5972e-06  	5.0891e-06 
6.866054	5.3812e-06  	4.8908e-06 
6.881911	5.1918e-06  	4.7165e-06 
6.897768	5.0273e-06  	4.5644e-06 
6.913624	4.8855e-06  	4.4328e-06 
6.929481	4.7643e-06  	4.3198e-06 
6.945338	4.6615e-06  	4.2233e-06 
6.961195	4.5748e-06  	4.1413e-06 
6.977052	4.5019e-06  	4.0717e-06 
6.992909	4.4406e-06  	4.0126e-06 
7.008766	4.3886e-06  	3.9619e-06 
7.024623	4.3438e-06  	3.9178e-06 
7.040480	4.3041e-06  	3.8785e-06 
7.056337	4.2678e-06  	3.8423e-06 
7.072194	4.233e-06   	3.8076e-06 
7.088051	4.1981e-06  	3.773e-06  
7.103908	4.1618e-06  	3.7373e-06 
7.119765	4.1229e-06  	3.6993e-06 
7.135622	4.0802e-06  	3.6582e-06 
7.151479	4.033e-06   	3.6132e-06 
7.167335	3.9805e-06  	3.5637e-06 
7.183192	3.9223e-06  	3.5093e-06 
7.199049	3.858e-06   	3.4497e-06 
7.214906	3.7876e-06  	3.3847e-06 
7.230763	3.7109e-06  	3.3143e-06 
7.246620	3.6283e-06  	3.2387e-06 
7.262477	3.5399e-06  	3.1582e-06 
7.278334	3.4461e-06  	3.073e-06  
7.294191	3.3475e-06  	2.9837e-06 
7.310048	3.2445e-06  	2.8906e-06 
7.325905	3.138e-06   	2.7945e-06 
7.341762	3.0285e-06  	2.6958e-06 
7.357619	2.9168e-06  	2.5953e-06 
7.373476	2.8037e-06  	2.4936e-06 
7.389333	2.6898e-06  	2.3914e-06 
7.405190	2.5761e-06  	2.2893e-06 
7.421046	2.4631e-06  	2.1881e-06 
7.436903	2.3516e-06  	2.0882e-06 
7.452760	2.2423e-06  	1.9903e-06 
7.468617	2.1357e-06  	1.8949e-06 
7.484474	2.0325e-06  	1.8025e-06 
7.500331	1.933e-06   	1.7135e-06 
7.516188	1.8378e-06  	1.6284e-06 
7.532045	1.7472e-06  	1.5474e-06 
7.547902	1.6614e-06  	1.4707e-06 
7.563759	1.5807e-06  	1.3985e-06 
7.579616	1.5053e-06  	1.331e-06  
7.595473	1.4351e-06  	1.2683e-06 
7.611330	1.3702e-06  	1.2102e-06 
7.627187	1.3105e-06  	1.1568e-06 
7.643044	1.2559e-06  	1.108e-06  
7.658901	1.2063e-06  	1.0636e-06 
7.674757	1.1615e-06  	1.0234e-06 
7.690614	1.121e-06   	9.8717e-07 
7.706471	1.0848e-06  	9.5471e-07 
7.722328	1.0525e-06  	9.2571e-07 
7.738185	1.0237e-06  	8.9986e-07 
7.754042	9.9809e-07  	8.7686e-07 
7.769899	9.7529e-07  	8.5639e-07 
7.785756	9.5496e-07  	8.3812e-07 
7.801613	9.3671e-07  	8.2173e-07 
7.817470	9.2021e-07  	8.0691e-07 
7.833327	9.051e-07   	7.9335e-07 
7.849184	8.9105e-07  	7.8075e-07 
7.865041	8.7775e-07  	7.6885e-07 
7.880898	8.6491e-07  	7.5739e-07 
7.896755	8.5228e-07  	7.4613e-07 
7.912612	8.396e-07   	7.3487e-07 
7.928468	8.2668e-07  	7.2341e-07 
7.944325	8.1333e-07  	7.1159e-07 
7.960182	7.994e-07   	6.9929e-07 
7.976039	7.8475e-07  	6.8639e-07 
7.991896	7.6931e-07  	6.728e-07  
8.007753	7.53e-07    	6.5846e-07 
8.023610	7.3578e-07  	6.4335e-07 
8.039467	7.1763e-07  	6.2743e-07 
8.055324	6.9857e-07  	6.1072e-07 
8.071181	6.7861e-07  	5.9323e-07 
8.087038	6.578e-07   	5.7501e-07 
8.102895	6.3621e-07  	5.5612e-07 
8.118752	6.1392e-07  	5.3661e-07 
8.134609	5.9102e-07  	5.1657e-07 
8.150466	5.6759e-07  	4.9609e-07 
8.166323	5.4376e-07  	4.7524e-07 
8.182179	5.1962e-07  	4.5414e-07 
8.198036	4.9531e-07  	4.3288e-07 
8.213893	4.7092e-07  	4.1156e-07 
8.229750	4.4657e-07  	3.9028e-07 
8.245607	4.2239e-07  	3.6913e-07 
8.261464	3.9846e-07  	3.4822e-07 
8.277321	3.7489e-07  	3.2762e-07 
8.293178	3.5178e-07  	3.0742e-07 
8.309035	3.2922e-07  	2.877e-07  
8.324892	3.0727e-07  	2.6853e-07 
8.340749	2.8602e-07  	2.4995e-07 
8.356606	2.6552e-07  	2.3204e-07 
8.372463	2.4583e-07  	2.1483e-07 
8.388320	2.2698e-07  	1.9835e-07 
8.404177	2.09e-07    	1.8264e-07 
8.420033	1.9193e-07  	1.6772e-07 
8.435890	1.7577e-07  	1.536e-07  
8.451747	1.6053e-07  	1.4029e-07 
8.467604	1.4622e-07  	1.2778e-07 
8.483461	1.3282e-07  	1.1607e-07 
8.499318	1.2031e-07  	1.0514e-07 
8.515175	1.0869e-07  	9.4982e-08 
8.531032	9.7922e-08  	8.5572e-08 
8.546889	8.7979e-08  	7.6883e-08 
8.562746	7.8829e-08  	6.8887e-08 
8.578603	7.0438e-08  	6.1554e-08 
8.594460	6.2767e-08  	5.4851e-08 
8.610317	5.5779e-08  	4.8744e-08 
8.626174	4.9433e-08  	4.3199e-08 
8.642031	4.369e-08   	3.8179e-08 
8.657888	3.8507e-08  	3.3651e-08 
8.673744	3.3847e-08  	2.9578e-08 
8.689601	2.9669e-08  	2.5927e-08 
8.705458	2.5936e-08  	2.2664e-08 
8.721315	2.261e-08   	1.9758e-08 
8.737172	1.9656e-08  	1.7177e-08 
8.753029	1.7042e-08  	1.4893e-08 
8.768886	1.4735e-08  	1.2876e-08 
8.784743	1.2705e-08  	1.1103e-08 
8.800600	1.0925e-08  	9.5472e-09 
8.816457	9.3687e-09  	8.187e-09  
8.832314	8.0119e-09  	7.0014e-09 
8.848171	6.8329e-09  	5.9711e-09 
8.864028	5.8114e-09  	5.0784e-09 
8.879885	4.9291e-09  	4.3074e-09 
8.895742	4.1692e-09  	3.6434e-09 
8.911599	3.5169e-09  	3.0733e-09 
8.927455	2.9585e-09  	2.5853e-09 
8.943312	2.4819e-09  	2.1689e-09 
8.959169	2.0764e-09  	1.8145e-09 
8.975026	1.7324e-09  	1.5139e-09 
8.990883	1.4414e-09  	1.2596e-09 
9.006740	1.196e-09   	1.0451e-09 
9.022597	9.8966e-10  	8.6484e-10 
9.038454	8.1668e-10  	7.1367e-10 
9.054311	6.7209e-10  	5.8732e-10 
9.070168	5.5158e-10  	4.8201e-10 
9.086025	4.5144e-10  	3.945e-10  
9.101882	3.6846e-10  	3.2199e-10 
9.117739	2.9992e-10  	2.6209e-10 
9.133596	2.4345e-10  	2.1275e-10 
9.149453	1.9708e-10  	1.7222e-10 
9.165310	1.591e-10   	1.3903e-10 
9.181166	1.2809e-10  	1.1193e-10 
9.197023	1.0284e-10  	8.9866e-11 
9.212880	8.2338e-11  	7.1953e-11 
9.228737	6.5745e-11  	5.7453e-11 
9.244594	5.2352e-11  	4.5749e-11 
9.260451	4.1573e-11  	3.633e-11  
9.276308	3.2923e-11  	2.877e-11  
9.292165	2.6001e-11  	2.2722e-11 
9.308022	2.0478e-11  	1.7896e-11 
9.323879	1.6084e-11  	1.4056e-11 
9.339736	1.2599e-11  	1.101e-11  
9.355593	9.8413e-12  	8.6e-12    
9.371450	7.6663e-12  	6.6994e-12 
9.387307	5.9557e-12  	5.2045e-12 
9.403164	4.614e-12   	4.0321e-12 
9.419021	3.5648e-12  	3.1152e-12 
9.434877	2.7467e-12  	2.4002e-12 
9.450734	2.1105e-12  	1.8443e-12 
9.466591	1.6172e-12  	1.4132e-12 
9.482448	1.2358e-12  	1.08e-12   
9.498305	9.4179e-13  	8.2301e-13 
9.514162	7.1575e-13  	6.2548e-13 
9.530019	5.4247e-13  	4.7405e-13 
9.545876	4.1002e-13  	3.583e-13  
9.561733	3.0905e-13  	2.7007e-13 
9.577590	2.3231e-13  	2.0301e-13 
9.593447	1.7415e-13  	1.5218e-13 
9.609304	1.3019e-13  	1.1377e-13 
9.625161	9.706e-14   	8.4818e-14 
9.641018	7.2163e-14  	6.3061e-14 
9.656875	5.3505e-14  	4.6757e-14 
9.672732	3.9562e-14  	3.4572e-14 
9.688588	2.9173e-14  	2.5493e-14 
9.704445	2.1453e-14  	1.8747e-14 
9.720302	1.5732e-14  	1.3748e-14 
9.736159	1.1506e-14  	1.0055e-14 
9.752016	8.3916e-15  	7.3332e-15 
9.767873	6.1035e-15  	5.3337e-15 
9.783730	4.4272e-15  	3.8688e-15 
9.799587	3.2024e-15  	2.7985e-15 
9.815444	2.3101e-15  	2.0188e-15 
9.831301	1.6619e-15  	1.4523e-15 
9.847158	1.1923e-15  	1.0419e-15 
9.863015	8.5304e-16  	7.4545e-16 
9.878872	6.0865e-16  	5.3188e-16 
9.894729	4.3308e-16  	3.7845e-16 
9.910586	3.0731e-16  	2.6855e-16 
9.926443	2.1747e-16  	1.9004e-16 
9.942299	1.5347e-16  	1.3411e-16 
9.958156	1.0801e-16  	9.4384e-17 
9.974013	7.5804e-17  	6.6243e-17 
9.989870	5.3057e-17  	4.6365e-17 
10.005727	3.7034e-17  	3.2363e-17 
10.021584	2.5779e-17  	2.2528e-17 
10.037441	1.7895e-17  	1.5638e-17 
10.053298	1.2389e-17  	1.0826e-17 
10.069155	8.5529e-18  	7.4741e-18 
10.085012	5.8886e-18  	5.1459e-18 
10.100869	4.0431e-18  	3.5332e-18 
10.116726	2.7684e-18  	2.4192e-18 
10.132583	1.8904e-18  	1.652e-18  
10.148440	1.2873e-18  	1.1249e-18 
10.164297	8.7422e-19  	7.6396e-19 
10.180153	5.9207e-19  	5.1739e-19 
10.196010	3.9988e-19  	3.4944e-19 
10.211867	2.6933e-19  	2.3536e-19 
10.227724	1.8091e-19  	1.5809e-19 
10.243581	1.2118e-19  	1.059e-19  
10.259438	8.0951e-20  	7.0741e-20 
10.275295	5.3929e-20  	4.7127e-20 
10.291152	3.5828e-20  	3.1309e-20 
10.307009	2.3737e-20  	2.0743e-20 
10.322866	1.5684e-20  	1.3706e-20 
10.338723	1.0334e-20  	9.0308e-21 
10.354580	6.7907e-21  	5.9342e-21 
10.370437	4.45e-21    	3.8887e-21 
10.386294	2.9081e-21  	2.5413e-21 
10.402151	1.8953e-21  	1.6562e-21 
10.418008	1.2318e-21  	1.0764e-21 
10.433864	7.9839e-22  	6.9769e-22 
10.449721	5.1606e-22  	4.5097e-22 
10.465578	3.3265e-22  	2.907e-22  
10.481435	2.1384e-22  	1.8687e-22 
10.497292	1.3709e-22  	1.198e-22  
10.513149	8.7642e-23  	7.6588e-23 
10.529006	5.5878e-23  	4.883e-23  
10.544863	3.5528e-23  	3.1047e-23 
10.560720	2.2527e-23  	1.9686e-23 
10.576577	1.4245e-23  	1.2448e-23 
10.592434	8.9829e-24  	7.8499e-24 
10.608291	5.6491e-24  	4.9366e-24 
10.624148	3.5429e-24  	3.096e-24  
10.640005	2.2158e-24  	1.9363e-24 
10.655862	1.3821e-24  	1.2077e-24 
10.671719	8.5965e-25  	7.5122e-25 
10.687575	5.3324e-25  	4.6599e-25 
10.703432	3.2987e-25  	2.8826e-25 
10.719289	2.035e-25   	1.7783e-25 
10.735146	1.252e-25   	1.0941e-25 
10.751003	7.6812e-26  	6.7124e-26 
10.766860	4.6997e-26  	4.107e-26  
10.782717	2.8676e-26  	2.506e-26  
10.798574	1.745e-26   	1.5249e-26 
10.814431	1.0589e-26  	9.2535e-27 
10.830288	6.4082e-27  	5.5999e-27 
10.846145	3.8674e-27  	3.3796e-27 
10.862002	2.3276e-27  	2.0341e-27 
10.877859	1.3971e-27  	1.2209e-27 
10.893716	8.3623e-28  	7.3076e-28 
10.909573	4.9917e-28  	4.3621e-28 
10.925430	2.9715e-28  	2.5967e-28 
10.941286	1.764e-28   	1.5415e-28 
10.957143	1.0444e-28  	9.1263e-29 
10.973000	6.1659e-29  	5.3882e-29 
10.988857	3.6304e-29  	3.1725e-29 
11.004714	2.1317e-29  	1.8628e-29 
11.020571	1.2482e-29  	1.0908e-29 
11.036428	7.2892e-30  	6.3698e-30 
11.052285	4.2449e-30  	3.7095e-30 
11.068142	2.4653e-30  	2.1544e-30 
11.083999	1.4278e-30  	1.2477e-30 
11.099856	8.2469e-31  	7.2067e-31 
11.115713	4.7502e-31  	4.1511e-31 
11.131570	2.7286e-31  	2.3845e-31 
11.147427	1.5631e-31  	1.3659e-31 
11.163284	8.9296e-32  	7.8033e-32 
11.179141	5.0873e-32  	4.4457e-32 
11.194997	2.8904e-32  	2.5258e-32 
11.210854	1.6377e-32  	1.4311e-32 
11.226711	9.2534e-33  	8.0863e-33 
11.242568	5.2142e-33  	4.5566e-33 
11.258425	2.9301e-33  	2.5605e-33 
11.274282	1.6421e-33  	1.435e-33  
11.290139	9.177e-34   	8.0195e-34 
11.305996	5.1147e-34  	4.4696e-34 
11.321853	2.8428e-34  	2.4843e-34 
11.337710	1.5757e-34  	1.377e-34  
11.353567	8.7102e-35  	7.6116e-35 
11.369424	4.8015e-35  	4.1959e-35 
11.385281	2.6396e-35  	2.3067e-35 
11.401138	1.4471e-35  	1.2646e-35 
11.416995	7.912e-36   	6.9141e-36 
11.432852	4.3139e-36  	3.7698e-36 
11.448708	2.3457e-36  	2.0498e-36 
11.464565	1.2719e-36  	1.1115e-36 
11.480422	6.8782e-37  	6.0106e-37 
11.496279	3.7093e-37  	3.2414e-37 
11.512136	1.9949e-37  	1.7433e-37 
11.527993	1.0699e-37  	9.3497e-38 
11.543850	5.7225e-38  	5.0008e-38 
11.559707	3.0524e-38  	2.6674e-38 
11.575564	1.6237e-38  	1.4189e-38 
11.591421	8.6131e-39  	7.5268e-39 
11.607278	4.5565e-39  	3.9818e-39 
11.623135	2.4039e-39  	2.1007e-39 
11.638992	1.2648e-39  	1.1052e-39 
11.654849	6.6359e-40  	5.799e-40  
11.670706	3.4722e-40  	3.0343e-40 
11.686563	1.8118e-40  	1.5833e-40 
11.702419	9.4285e-41  	8.2393e-41 
11.718276	4.893e-41   	4.2758e-41 
11.734133	2.5323e-41  	2.2129e-41 
11.749990	1.3069e-41  	1.1421e-41 
11.765847	6.7269e-42  	5.8784e-42 
11.781704	3.4528e-42  	3.0173e-42 
11.797561	1.7674e-42  	1.5445e-42 
11.813418	9.0224e-43  	7.8844e-43 
11.829275	4.5931e-43  	4.0138e-43 
11.845132	2.3319e-43  	2.0378e-43 
11.860989	1.1806e-43  	1.0317e-43 
11.876846	5.961e-44   	5.2091e-44 
11.892703	3.0015e-44  	2.6229e-44 
11.908560	1.5072e-44  	1.3171e-44 
11.924417	7.5474e-45  	6.5955e-45 
11.940273	3.7691e-45  	3.2937e-45 
11.956130	1.8771e-45  	1.6404e-45 
11.971987	9.3229e-46  	8.147e-46  
11.987844	4.6176e-46  	4.0352e-46 
12.003701	2.2808e-46  	1.9932e-46 
12.019558	1.1235e-46  	9.818e-47  
12.035415	5.5191e-47  	4.823e-47  
12.051272	2.7038e-47  	2.3627e-47 
12.067129	1.3209e-47  	1.1543e-47 
12.082986	6.4356e-48  	5.6239e-48 
12.098843	3.1269e-48  	2.7325e-48 
12.114700	1.5151e-48  	1.324e-48  
12.130557	7.3213e-49  	6.3979e-49 
12.146414	3.528e-49   	3.0831e-49 
12.162271	1.6955e-49  	1.4816e-49 
12.178128	8.1256e-50  	7.1007e-50 
12.193984	3.8835e-50  	3.3937e-50 
12.209841	1.851e-50   	1.6175e-50 
12.225698	8.7982e-51  	7.6885e-51 
12.241555	4.1705e-51  	3.6445e-51 
12.257412	1.9715e-51  	1.7228e-51 
12.273269	9.2941e-52  	8.1219e-52 
12.289126	4.3695e-52  	3.8184e-52 
12.304983	2.0486e-52  	1.7902e-52 
12.320840	9.5784e-53  	8.3703e-53 
12.336697	4.4662e-53  	3.9029e-53 
12.352554	2.0768e-53  	1.8148e-53 
12.368411	9.6306e-54  	8.4159e-54 
12.384268	4.4537e-54  	3.892e-54  
12.400125	2.054e-54   	1.7949e-54 
12.415982	9.4468e-55  	8.2553e-55 
12.431839	4.3329e-55  	3.7864e-55 
12.447695	1.9819e-55  	1.7319e-55 
12.463552	9.0404e-56  	7.9002e-56 
12.479409	4.1125e-56  	3.5938e-56 
12.495266	1.8657e-56  	1.6303e-56 
12.511123	8.4404e-57  	7.3759e-57 
12.526980	3.8081e-57  	3.3278e-57 
12.542837	1.7134e-57  	1.4973e-57 
12.558694	7.688e-58   	6.7183e-58 
12.574551	3.4402e-58  	3.0063e-58 
12.590408	1.5352e-58  	1.3415e-58 
12.606265	6.8318e-59  	5.9701e-59 
12.622122	3.032e-59   	2.6496e-59 
12.637979	1.3419e-59  	1.1727e-59 
12.653836	5.9229e-60  	5.1758e-60 
12.669693	2.607e-60   	2.2782e-60 
12.685550	1.1444e-60  	1e-60      
12.701406	5.0095e-61  	4.3777e-61 
12.717263	2.1869e-61  	1.9111e-61 
12.733120	9.521e-62   	8.3202e-62 
12.748977	4.1337e-62  	3.6123e-62 
12.764834	1.7898e-62  	1.564e-62  
12.780691	7.7281e-63  	6.7534e-63 
12.796548	3.3278e-63  	2.908e-63  
12.812405	1.429e-63   	1.2488e-63 
12.828262	6.1198e-64  	5.3479e-64 
12.844119	2.6136e-64  	2.2839e-64 
12.859976	1.1131e-64  	9.7274e-65 
12.875833	4.7279e-65  	4.1316e-65 
12.891690	2.0026e-65  	1.75e-65   
12.907547	8.4592e-66  	7.3923e-66 
12.923404	3.5635e-66  	3.114e-66  
12.939261	1.497e-66   	1.3082e-66 
12.955117	6.2717e-67  	5.4807e-67 
12.970974	2.6203e-67  	2.2898e-67 
12.986831	1.0918e-67  	9.5406e-68 
13.002688	4.5364e-68  	3.9643e-68 
13.018545	1.8798e-68  	1.6427e-68 
13.034402	7.7679e-69  	6.7882e-69 
13.050259	3.2012e-69  	2.7974e-69 
13.066116	1.3156e-69  	1.1497e-69 
13.081973	5.3921e-70  	4.712e-70  
13.097830	2.2039e-70  	1.9259e-70 
13.113687	8.9831e-71  	7.8501e-71 
13.129544	3.6515e-71  	3.191e-71  
13.145401	1.4802e-71  	1.2935e-71 
13.161258	5.9841e-72  	5.2293e-72 
13.177115	2.4125e-72  	2.1082e-72 
13.192972	9.6995e-73  	8.4762e-73 
13.208828	3.889e-73   	3.3985e-73 
13.224685	1.555e-73   	1.3589e-73 
13.240542	6.2007e-74  	5.4186e-74 
13.256399	2.4658e-74  	2.1548e-74 
13.272256	9.7786e-75  	8.5452e-75 
13.288113	3.8673e-75  	3.3795e-75 
13.303970	1.5253e-75  	1.3329e-75 
13.319827	5.9991e-76  	5.2425e-76 
13.335684	2.3531e-76  	2.0563e-76 
13.351541	9.2046e-77  	8.0436e-77 
13.367398	3.5907e-77  	3.1378e-77 
13.383255	1.3969e-77  	1.2207e-77 
13.399112	5.4192e-78  	4.7357e-78 
13.414969	2.0967e-78  	1.8322e-78 
13.430826	8.0897e-79  	7.0694e-79 
13.446682	3.1127e-79  	2.7201e-79 
13.462539	1.1944e-79  	1.0438e-79 
13.478396	4.5708e-80  	3.9943e-80 
13.494253	1.7443e-80  	1.5243e-80 
13.510110	6.6384e-81  	5.8011e-81 
13.525967	2.5195e-81  	2.2017e-81 
13.541824	9.5362e-82  	8.3334e-82 
13.557681	3.5995e-82  	3.1455e-82 
13.573538	1.3549e-82  	1.184e-82  
13.589395	5.0862e-83  	4.4447e-83 
13.605252	1.9041e-83  	1.6639e-83 
13.621109	7.1086e-84  	6.2121e-84 
13.636966	2.6466e-84  	2.3128e-84 
13.652823	9.8267e-85  	8.5873e-85 
13.668680	3.6386e-85  	3.1797e-85 
13.684537	1.3436e-85  	1.1741e-85 
13.700393	4.9477e-86  	4.3237e-86 
13.716250	1.817e-86   	1.5878e-86 
13.732107	6.6543e-87  	5.815e-87  
13.747964	2.4303e-87  	2.1238e-87 
13.763821	8.852e-88   	7.7355e-88 
13.779678	3.2153e-88  	2.8098e-88 
13.795535	1.1647e-88  	1.0178e-88 
13.811392	4.2073e-89  	3.6766e-89 
13.827249	1.5157e-89  	1.3245e-89 
13.843106	5.4453e-90  	4.7585e-90 
13.858963	1.9509e-90  	1.7049e-90 
13.874820	6.9706e-91  	6.0914e-91 
13.890677	2.4837e-91  	2.1705e-91 
13.906534	8.8257e-92  	7.7125e-92 
13.922391	3.1275e-92  	2.7331e-92 
13.938248	1.1053e-92  	9.6585e-93 
13.954104	3.8952e-93  	3.4039e-93 
13.969961	1.369e-93   	1.1963e-93 
13.985818	4.7983e-94  	4.1931e-94 
14.001675	1.6772e-94  	1.4657e-94 
14.017532	5.8463e-95  	5.109e-95  
14.033389	2.0323e-95  	1.776e-95  
14.049246	7.0455e-96  	6.1568e-96 
14.065103	2.4358e-96  	2.1285e-96 
14.080960	8.3978e-97  	7.3386e-97 
14.096817	2.8874e-97  	2.5232e-97 
14.112674	9.9005e-98  	8.6518e-98 
14.128531	3.3854e-98  	2.9584e-98 
14.144388	1.1545e-98  	1.0089e-98 
14.160245	3.926e-99   	3.4309e-99 
14.176102	1.3315e-99  	1.1635e-99 
14.191959	4.5032e-100 	3.9353e-100
14.207815	1.5189e-100 	1.3273e-100
14.223672	5.1089e-101 	4.4645e-101
14.239529	1.7137e-101 	1.4976e-101
14.255386	5.7328e-102 	5.0097e-102
14.271243	1.9125e-102 	1.6713e-102
14.287100	6.3626e-103 	5.5601e-103
14.302957	2.111e-103  	1.8447e-103
14.318814	6.9845e-104 	6.1035e-104
14.334671	2.3046e-104 	2.0139e-104
14.350528	7.5834e-105 	6.6269e-105
14.366385	2.4885e-105 	2.1747e-105
14.382242	8.1439e-106 	7.1167e-106
14.398099	2.6578e-106 	2.3226e-106
14.413956	8.6502e-107 	7.5592e-107
14.429813	2.8076e-107 	2.4535e-107
14.445670	9.0878e-108 	7.9415e-108
14.461526	2.9335e-108 	2.5635e-108
14.477383	9.4432e-109 	8.2521e-109
14.493240	3.0315e-109 	2.6492e-109
14.509097	9.7054e-110 	8.4813e-110
14.524954	3.0986e-110 	2.7078e-110
14.540811	9.866e-111  	8.6216e-111
14.556668	3.1327e-111 	2.7376e-111
14.572525	9.9197e-112 	8.6685e-112
14.588382	3.1325e-112 	2.7374e-112
14.604239	9.8648e-113 	8.6206e-113
14.620096	3.0981e-113 	2.7074e-113
14.635953	9.7031e-114 	8.4793e-114
14.651810	3.0307e-114 	2.6484e-114
14.667667	9.4399e-115 	8.2493e-115
14.683524	2.9323e-115 	2.5625e-115
14.699381	9.0836e-116 	7.9379e-116
14.715237	2.8062e-116 	2.4522e-116
14.731094	8.6452e-117 	7.5548e-117
14.746951	2.6561e-117 	2.3211e-117
14.762808	8.1382e-118 	7.1118e-118
14.778665	2.4867e-118 	2.173e-118 
14.794522	7.5773e-119 	6.6216e-119
14.810379	2.3026e-119 	2.0122e-119
14.826236	6.978e-120  	6.0979e-120
14.842093	2.1089e-120 	1.8429e-120
14.857950	6.3559e-121 	5.5543e-121
14.873807	1.9104e-121 	1.6694e-121
14.889664	5.7261e-122 	5.0039e-122
14.905521	1.7116e-122 	1.4958e-122
14.921378	5.1024e-123 	4.4589e-123
14.937235	1.5169e-123 	1.3255e-123
14.953092	4.497e-124  	3.9298e-124
14.968948	1.3296e-124 	1.1619e-124
14.984805	3.9201e-125 	3.4257e-125
15.000662	1.1527e-125 	1.0073e-125
15.016519	3.38e-126   	2.9537e-126
15.032376	9.8839e-127 	8.6373e-127
15.048233	2.8824e-127 	2.5189e-127
15.064090	8.3828e-128 	7.3255e-128
15.079947	2.4313e-128 	2.1246e-128
15.095804	7.032e-129  	6.1451e-129
15.111661	2.0283e-129 	1.7725e-129
15.127518	5.8345e-130 	5.0986e-130
15.143375	1.6737e-130 	1.4626e-130
15.159232	4.7881e-131 	4.1842e-131
15.175089	1.366e-131  	1.1937e-131
15.190946	3.8864e-132 	3.3962e-132
15.206802	1.1027e-132 	9.6361e-133
15.222659	3.1201e-133 	2.7266e-133
15.238516	8.8042e-134 	7.6938e-134
15.254373	2.4776e-134 	2.1651e-134
15.270230	6.9528e-135 	6.0759e-135
15.286087	1.9458e-135 	1.7004e-135
15.301944	5.4308e-136 	4.7458e-136
15.317801	1.5116e-136 	1.3209e-136
15.333658	4.1956e-137 	3.6664e-137
15.349515	1.1614e-137 	1.0149e-137
15.365372	3.206e-138  	2.8016e-138
15.381229	8.8259e-139 	7.7127e-139
15.397086	2.423e-139  	2.1174e-139
15.412943	6.634e-140  	5.7972e-140
15.428800	1.8113e-140 	1.5829e-140
15.444657	4.932e-141  	4.3099e-141
15.460513	1.3392e-141 	1.1703e-141
15.476370	3.6266e-142 	3.1692e-142
15.492227	9.7938e-143 	8.5585e-143
15.508084	2.6376e-143 	2.3049e-143
15.523941	7.084e-144  	6.1905e-144
15.539798	1.8974e-144 	1.6581e-144
15.555655	5.068e-145  	4.4288e-145
15.571512	1.35e-145   	1.1797e-145
15.587369	3.5862e-146 	3.1339e-146
15.603226	9.5003e-147 	8.3021e-147
15.619083	2.5099e-147 	2.1933e-147
15.634940	6.6127e-148 	5.7787e-148
15.650797	1.7375e-148 	1.5183e-148
15.666654	4.5525e-149 	3.9783e-149
15.682511	1.1896e-149 	1.0396e-149
15.698368	3.1e-150    	2.709e-150 
15.714224	8.0561e-151 	7.04e-151  
15.730081	2.0878e-151 	1.8245e-151
15.745938	5.3961e-152 	4.7155e-152
15.761795	1.3908e-152 	1.2154e-152
15.777652	3.5749e-153 	3.124e-153 
15.793509	9.1636e-154 	8.0079e-154
15.809366	2.3425e-154 	2.0471e-154
15.825223	5.9718e-155 	5.2186e-155
15.841080	1.5182e-155 	1.3267e-155
