0.000000000000000000e+00 6.995709996900827933e-17 8.924767136760335804e-15
2.002002002002001985e-02 2.717932995583710846e-16 2.849916294844979295e-14
4.004004004004003969e-02 1.027368967814034242e-15 8.857413807727634214e-14
6.006006006006005954e-02 3.778286532827790186e-15 2.679509686433878979e-13
8.008008008008007939e-02 1.351898500613635819e-14 7.890750015247726058e-13
1.001001001001000923e-01 4.706239577131826197e-14 2.262273939066573112e-12
1.201201201201201191e-01 1.593986820968407211e-13 6.315321100999505622e-12
1.401401401401401459e-01 5.252622264995074987e-13 1.716880995213059774e-11
1.601601601601601588e-01 1.684024336706825686e-12 4.546366721363609934e-11
1.801801801801801717e-01 5.252926279495478419e-12 1.172922519650378389e-10
2.002002002002001846e-01 1.594171341806340706e-11 2.948996980167530999e-10
2.202202202202202252e-01 4.707056796311414593e-11 7.228030557682709681e-10
2.402402402402402382e-01 1.352211511837189319e-10 1.727707188264182698e-09
2.602602602602602788e-01 3.779380069358066830e-10 4.029156380541468888e-09
2.802802802802802917e-01 1.027725795598318669e-09 9.172087772903165419e-09
3.003003003003003046e-01 2.719034358181941647e-09 2.039276443383034739e-08
3.203203203203203175e-01 6.998949869190763985e-09 4.431063986231001986e-08
3.403403403403403304e-01 1.752797800239160691e-08 9.415808600989801286e-08
3.603603603603603434e-01 4.270822336872765219e-08 1.958107369316498454e-07
3.803803803803803563e-01 1.012446167379081320e-07 3.988097387706640976e-07
4.004004004004003692e-01 2.335141086181238587e-07 7.960943059378407847e-07
4.204204204204204376e-01 5.240045511456316173e-07 1.558604151009509338e-06
4.404404404404404505e-01 1.144030866390920236e-06 2.994681715023886911e-06
4.604604604604604634e-01 2.430083375530471085e-06 5.649781114027174076e-06
4.804804804804804763e-01 5.022099998505869196e-06 1.046978987157270556e-05
5.005005005005005447e-01 1.009788189547266259e-05 1.906137488280920222e-05
5.205205205205205576e-01 1.975404173875808399e-05 3.409445896449270219e-05
5.405405405405405705e-01 3.759779681196781965e-05 5.990302316174453455e-05
5.605605605605605835e-01 6.962249381062435457e-05 1.033464519812891296e-04
5.805805805805805964e-01 1.254346444828070254e-04 1.749872591332026449e-04
6.006006006006006093e-01 2.198701033324191667e-04 2.906121219869377379e-04
6.206206206206206222e-01 3.749692093814819410e-04 4.730602488464947619e-04
6.406406406406406351e-01 6.221652962030072617e-04 7.542168790578955302e-04
6.606606606606606480e-01 1.004376882305273513e-03 1.176878675281404487e-03
6.806806806806806609e-01 1.577496420319833255e-03 1.796015363226159635e-03
7.007007007007006738e-01 2.410575876330129427e-03 2.678772993819573782e-03
7.207207207207206867e-01 3.583884286041010177e-03 3.902446892215894868e-03
7.407407407407406996e-01 5.184034716254123411e-03 5.549672242855222329e-03
7.607607607607607125e-01 7.295626173743341263e-03 7.700312816270226714e-03
7.807807807807807254e-01 9.989367563978925058e-03 1.042002112653868211e-02
8.008008008008007383e-01 1.330742917887832791e-02 1.374618343143170669e-02
8.208208208208208623e-01 1.724769576187504608e-02 1.767285127444291268e-02
8.408408408408408752e-01 2.174947366396919393e-02 2.213710722767833414e-02
8.608608608608608881e-01 2.668376882061604741e-02 2.700986172003596100e-02
8.808808808808809010e-01 3.185123941961025967e-02 3.209407427888761460e-02
9.009009009009009139e-01 3.699016368194348731e-02 3.713266401229226715e-02
9.209209209209209268e-01 4.179524918681370299e-02 4.182691551681332054e-02
9.409409409409409397e-01 4.594606620402851005e-02 4.586420705146417726e-02
9.609609609609609526e-01 4.914173646709680404e-02 4.895179622415837123e-02
9.809809809809809655e-01 5.113678412253232913e-02 5.085171393849077792e-02
1.001001001001001089e+00 5.177225442534031524e-02 5.141102735806456908e-02
1.021021021021021102e+00 5.099663160259925582e-02 5.058213788018255108e-02
1.041041041041041115e+00 4.887273658865887854e-02 4.842938202705834860e-02
1.061061061061061128e+00 4.556932322908201910e-02 4.512067837099860423e-02
1.081081081081081141e+00 4.133893278553985029e-02 4.090574145668419981e-02
1.101101101101101154e+00 3.648603889337947992e-02 3.608480576444042520e-02
1.121121121121121167e+00 3.133105197050803370e-02 3.097331210100219209e-02
1.141141141141141180e+00 2.617604980495762471e-02 2.586830502615936056e-02
1.161161161161161193e+00 2.127718958313536829e-02 2.102139976248318040e-02
1.181181181181181206e+00 1.682696507170941547e-02 1.662142160033657640e-02
1.201201201201201219e+00 1.294730919109593134e-02 1.278769815250323759e-02
1.221221221221221231e+00 9.692535139746751016e-03 9.573013895510807877e-03
1.241241241241241244e+00 7.059664199300041965e-03 6.973816462024060372e-03
1.261261261261261257e+00 5.003003478415144097e-03 4.944590666659171886e-03
1.281281281281281270e+00 3.449891836486714599e-03 3.413370036283278671e-03
1.301301301301301283e+00 2.315140505244468478e-03 2.295953699450291839e-03
1.321321321321321296e+00 1.512589770921282054e-03 1.507276729876640348e-03
1.341341341341341309e+00 9.631243106396108122e-04 9.692884802548566150e-04
1.361361361361361322e+00 5.992456958329349858e-04 6.154373662517448980e-04
1.381381381381381335e+00 3.667941504385052254e-04 3.923463603059832512e-04
1.401401401401401348e+00 2.246340163233982311e-04 2.594823178231848233e-04
1.421421421421421361e+00 1.431206808202447700e-04 1.876254705550153834e-04
1.441441441441441373e+00 1.020306549717371489e-04 1.568114215915109694e-04
1.461461461461461386e+00 8.843985893731489431e-05 1.542243421367755140e-04
1.481481481481481399e+00 9.483832290275970886e-05 1.723262130120775573e-04
1.501501501501501412e+00 1.176081918611441760e-04 2.073480492196039184e-04
1.521521521521521425e+00 1.558796073739561862e-04 2.581583366192232495e-04
1.541541541541541438e+00 2.107136445582911402e-04 3.254593165927997214e-04
1.561561561561561451e+00 2.845328343537306291e-04 4.112332429928251864e-04
1.581581581581581464e+00 3.807156260016691246e-04 5.183562217789555336e-04
1.601601601601601477e+00 5.032807391124807924e-04 6.503062117625450170e-04
1.621621621621621712e+00 6.566031041889603716e-04 8.109067613960844372e-04
1.641641641641641725e+00 8.451204918599207255e-04 1.004064706414014132e-03
1.661661661661661737e+00 1.073006842937635971e-03 1.233476311958943113e-03
1.681681681681681750e+00 1.343803995927279850e-03 1.502291542794088105e-03
1.701701701701701763e+00 1.660017800327627481e-03 1.812740166513893353e-03
1.721721721721721776e+00 2.022697345959613771e-03 2.165736102657883633e-03
1.741741741741741789e+00 2.431026800143701056e-03 2.560487394265579999e-03
1.761761761761761802e+00 2.881967374723145344e-03 2.994147624316883301e-03
1.781781781781781815e+00 3.369991292567920977e-03 3.461549535333628951e-03
1.801801801801801828e+00 3.886949357929215133e-03 3.955062050190628203e-03
1.821821821821821841e+00 4.422108206253345247e-03 4.464607121111355964e-03
1.841841841841841854e+00 4.962382386726041372e-03 4.977862655326116721e-03
1.861861861861861867e+00 5.492770677602341542e-03 5.480662679698954098e-03
1.881881881881881879e+00 5.996986769106584132e-03 5.957587177024779683e-03
1.901901901901901892e+00 6.458253675929186491e-03 6.392713615539525988e-03
1.921921921921921905e+00 6.860211444230151535e-03 6.770482555115112273e-03
1.941941941941941918e+00 7.187871536535380551e-03 7.076613475654132228e-03
1.961961961961961931e+00 7.428541119145787297e-03 7.298996545833523648e-03
1.981981981981981944e+00 7.572638122294744235e-03 7.428483234842481880e-03
2.002002002002002179e+00 7.614324225047161034e-03 7.459504333245848065e-03
2.022022022022022192e+00 7.551897525265949783e-03 7.390457831453646834e-03
2.042042042042042205e+00 7.387908123879244858e-03 7.223829799956491861e-03
2.062062062062062218e+00 7.128985733290545482e-03 6.966036542452363513e-03
2.082082082082082231e+00 6.785395619503195759e-03 6.627002825710899721e-03
2.102102102102102243e+00 6.370364419745564583e-03 6.219515702043245699e-03
2.122122122122122256e+00 5.899237644616702782e-03 5.758413380327297854e-03
2.142142142142142269e+00 5.388543700918638213e-03 5.259681520908942275e-03
2.162162162162162282e+00 4.855043815165008270e-03 4.739533987905147211e-03
2.182182182182182295e+00 4.314843223378192309e-03 4.213551393241901123e-03
2.202202202202202308e+00 3.782627461132408511e-03 3.695939708384244141e-03
2.222222222222222321e+00 3.271070473039419321e-03 3.198954678069580032e-03
2.242242242242242334e+00 2.790441046418606214e-03 2.732518162955003410e-03
2.262262262262262347e+00 2.348413393698882672e-03 2.304032434075205162e-03
2.282282282282282360e+00 1.950068964077243715e-03 1.918380187663752505e-03
2.302302302302302373e+00 1.598061621556298413e-03 1.578083468464362661e-03
2.322322322322322385e+00 1.292908323255745904e-03 1.283584901457297204e-03
2.342342342342342398e+00 1.033362729344251352e-03 1.033609994667847439e-03
2.362362362362362411e+00 8.168294247967373186e-04 8.255694555501793489e-04
2.382382382382382424e+00 6.397807374437348244e-04 6.559645926063175161e-04
2.402402402402402437e+00 4.981452694516108398e-04 5.207657610336972887e-04
2.422422422422422450e+00 3.876458877657909942e-04 4.157421609653245975e-04
2.442442442442442463e+00 3.040738025458327148e-04 3.367299028666380823e-04
2.462462462462462476e+00 2.434934974734708456e-04 2.798331406334968207e-04
2.482482482482482489e+00 2.023799754225392706e-04 2.415595711155272890e-04
2.502502502502502502e+00 1.776946951909480986e-04 2.188963667410268694e-04
2.522522522522522515e+00 1.669096479648398215e-04 2.093355952881529192e-04
2.542542542542542527e+00 1.679904360502951243e-04 2.108595627406033106e-04
2.562562562562562540e+00 1.793492994136994343e-04 2.218966104124754667e-04
2.582582582582582553e+00 1.997781811307318704e-04 2.412570878752776495e-04
2.602602602602602566e+00 2.283705195967260888e-04 2.680578852634466804e-04
2.622622622622622579e+00 2.644388370339914129e-04 3.016423649922113370e-04
2.642642642642642592e+00 3.074336108067436397e-04 3.415010250796208569e-04
2.662662662662662605e+00 3.568675245232993845e-04 3.871969056311769545e-04
2.682682682682682618e+00 4.122480724410697859e-04 4.382986849400473850e-04
2.702702702702702631e+00 4.730206367603414434e-04 4.943236035151876576e-04
2.722722722722722644e+00 5.385235287225303372e-04 5.546917587038150028e-04
2.742742742742742657e+00 6.079560109481536162e-04 6.186928605268900930e-04
2.762762762762762669e+00 6.803599238084131855e-04 6.854661566008460327e-04
2.782782782782782682e+00 7.546151554796360402e-04 7.539938557139082634e-04
2.802802802802802695e+00 8.294487756726294167e-04 8.231079602585249363e-04
2.822822822822822708e+00 9.034571735668683228e-04 8.915099362104916911e-04
2.842842842842842721e+00 9.751400035947047117e-04 9.578021097531238008e-04
2.862862862862862734e+00 1.042944173789573954e-03 1.020529108362301391e-03
2.882882882882882747e+00 1.105315553394395139e-03 1.078227104469378639e-03
2.902902902902902760e+00 1.160755582673636196e-03 1.129478124730151937e-03
2.922922922922922773e+00 1.207879594094684499e-03 1.172966312340000764e-03
2.942942942942942786e+00 1.245473450336925499e-03 1.207532822739368697e-03
2.962962962962962798e+00 1.272545108356985637e-03 1.232226030709609229e-03
2.982982982982982811e+00 1.288367949248621228e-03 1.246343947582643228e-03
3.003003003003002824e+00 1.292513168726436810e-03 1.249466188381452439e-03
3.023023023023022837e+00 1.284869178385337433e-03 1.241473465839097430e-03
3.043043043043042850e+00 1.265646778714408323e-03 1.222553377313824203e-03
3.063063063063062863e+00 1.235369770235697539e-03 1.193192131899573766e-03
3.083083083083082876e+00 1.194851597979606833e-03 1.154152769082833312e-03
3.103103103103102889e+00 1.145159502698114449e-03 1.106441274961607628e-03
3.123123123123122902e+00 1.087568410167690522e-03 1.051262739716467840e-03
3.143143143143142915e+00 1.023507369505142085e-03 9.899702643471580514e-04
3.163163163163162928e+00 9.545017114898499610e-04 9.240096759002180060e-04
3.183183183183182940e+00 8.821142179523756887e-04 8.548632287902442140e-04
3.203203203203202953e+00 8.078884747479301914e-04 7.839953568650429461e-04
3.223223223223223410e+00 7.332972458809506331e-04 7.128032182159207281e-04
3.243243243243243423e+00 6.596981947486325968e-04 6.425742809915541663e-04
3.263263263263263436e+00 5.882986426739057490e-04 5.744525844685305751e-04
3.283283283283283449e+00 5.201303541537365517e-04 5.094146327335990479e-04
3.303303303303303462e+00 4.560346324735780319e-04 4.482551965173822792e-04
3.323323323323323475e+00 3.966573534235885387e-04 3.915826650743813291e-04
3.343343343343343488e+00 3.424530040088181212e-04 3.398230482435039747e-04
3.363363363363363501e+00 2.936963596112528055e-04 2.932313102083711144e-04
3.383383383383383514e+00 2.505001449565799057e-04 2.519084383325375450e-04
3.403403403403403527e+00 2.128368850578983009e-04 2.158225162535147991e-04
3.423423423423423539e+00 1.805631528399441368e-04 1.848320712864400298e-04
3.443443443443443552e+00 1.534445409618372049e-04 1.587100833432907141e-04
3.463463463463463565e+00 1.311799000440754957e-04 1.371672504937049037e-04
3.483483483483483578e+00 1.134236641108837053e-04 1.198733760184101434e-04
3.503503503503503591e+00 9.980539631560392114e-05 1.064760440621249899e-04
3.523523523523523604e+00 8.994600606760267411e-05 9.661605882096395306e-05
3.543543543543543617e+00 8.347038908103656654e-05 8.993941289649235403e-05
3.563563563563563630e+00 8.001650679385881933e-05 8.610580673577679042e-05
3.583583583583583643e+00 7.924113928181188257e-05 8.479395152136223084e-05
3.603603603603603656e+00 8.082271024841297289e-05 8.570404666863503924e-05
3.623623623623623669e+00 8.446169300984475794e-05 8.855792933895163214e-05
3.643643643643643681e+00 8.987916573282772798e-05 9.309745009878871830e-05
3.663663663663663694e+00 9.681409848054481652e-05 9.908164182780688058e-05
3.683683683683683707e+00 1.050199315183407672e-04 1.062832256343815930e-04
3.703703703703703720e+00 1.142609521493757082e-04 1.144849459853960116e-04
3.723723723723723733e+00 1.243089043060971303e-04 1.234761555175474838e-04
3.743743743743743746e+00 1.349401787825340573e-04 1.330499854671589322e-04
3.763763763763763759e+00 1.459338389631673028e-04 1.430013468013513847e-04
3.783783783783783772e+00 1.570706427232830820e-04 1.531259153738972274e-04
3.803803803803803785e+00 1.681331303377112975e-04 1.632201661550329011e-04
3.823823823823823798e+00 1.789067643052969197e-04 1.730824402641414081e-04
3.843843843843843811e+00 1.891820327575682566e-04 1.825149568514389514e-04
3.863863863863863823e+00 1.987573657062571418e-04 1.913266218612916182e-04
3.883883883883883836e+00 2.074426643812141439e-04 1.993364388443863845e-04
3.903903903903903849e+00 2.150632094055419084e-04 2.063772942499037324e-04
3.923923923923923862e+00 2.214636941430825085e-04 2.122998715179712020e-04
3.943943943943943875e+00 2.265121253080380911e-04 2.169764447984756845e-04
3.963963963963963888e+00 2.301033433569820634e-04 2.203043136988460033e-04
3.983983983983983901e+00 2.321619392004265392e-04 2.222086640003479753e-04
4.004004004004004358e+00 2.326443796777327797e-04 2.226446741021888688e-04
4.024024024024024371e+00 2.315401997647034455e-04 2.215987308456136167e-04
4.044044044044044384e+00 2.288721718653609729e-04 2.190886686748640285e-04
4.064064064064064397e+00 2.246954186564938474e-04 2.151629998213971126e-04
4.084084084084084409e+00 2.190954924985750324e-04 2.098991572041364719e-04
4.104104104104104422e+00 2.121854981100564726e-04 2.034008229033441102e-04
4.124124124124124435e+00 2.041023829646210121e-04 1.957944604997100902e-04
4.144144144144144448e+00 1.950025590873661393e-04 1.872252068035513181e-04
4.164164164164164461e+00 1.850570485789797878e-04 1.778523056433678104e-04
4.184184184184184474e+00 1.744463620066598135e-04 1.678442822511074157e-04
4.204204204204204487e+00 1.633553232949145587e-04 1.573740609517669368e-04
4.224224224224224500e+00 1.519680472722791283e-04 1.466142216865328352e-04
4.244244244244244513e+00 1.404632576851120858e-04 1.357325734368165391e-04
4.264264264264264526e+00 1.290101060279877810e-04 1.248881965448634746e-04
4.284284284284284539e+00 1.177646172022490863e-04 1.142280733769510451e-04
4.304304304304304551e+00 1.068668493424478435e-04 1.038843901599322315e-04
4.324324324324324564e+00 9.643881478928159102e-05 9.397255464510110201e-05
4.344344344344344577e+00 8.658316968952737050e-05 8.458993692731585465e-05
4.364364364364364590e+00 7.738264335507549763e-05 7.581530642932531928e-05
4.384384384384384603e+00 6.890014719640349776e-05 6.770890852296035075e-05
4.404404404404404616e+00 6.117947814142099267e-05 6.031310079612703650e-05
4.424424424424424629e+00 5.424651378862776092e-05 5.365345236175093197e-05
4.444444444444444642e+00 4.811078640040983013e-05 4.774020009306767807e-05
4.464464464464464655e+00 4.276731997994339925e-05 4.256995302460127789e-05
4.484484484484484668e+00 3.819861841423684794e-05 3.812753973010139444e-05
4.504504504504504681e+00 3.437670198346876748e-05 3.438790230546569709e-05
4.524524524524524693e+00 3.126510317802648606e-05 3.131795345726370833e-05
4.544544544544544706e+00 2.882074935686328575e-05 2.887832882831554952e-05
4.564564564564564719e+00 2.699567794164399668e-05 2.702498377663950822e-05
4.584584584584584732e+00 2.573854827265686549e-05 2.571060114066447814e-05
4.604604604604604745e+00 2.499593181578392702e-05 2.488579300173246258e-05
4.624624624624624758e+00 2.471337817790608674e-05 2.450009422576026032e-05
4.644644644644644771e+00 2.483626767579162457e-05 2.450275798976172341e-05
4.664664664664664784e+00 2.531047157625600087e-05 2.484337317282478362e-05
4.684684684684684797e+00 2.608284838981094050e-05 2.547233023939348846e-05
4.704704704704704810e+00 2.710160877990309936e-05 2.634116609368054442e-05
4.724724724724724823e+00 2.831658295188050150e-05 2.740281953745908472e-05
4.744744744744744835e+00 2.967942315948707339e-05 2.861182775226469874e-05
4.764764764764764848e+00 3.114377066189656580e-05 2.992449107721338548e-05
4.784784784784784861e+00 3.266541159016425383e-05 3.129902874542642187e-05
4.804804804804804874e+00 3.420244026895229253e-05 3.269574267429251161e-05
4.824824824824824887e+00 3.571544210650089667e-05 3.407720036427806532e-05
4.844844844844844900e+00 3.716770169384269785e-05 3.540844189746207376e-05
4.864864864864864913e+00 3.852543566511515047e-05 3.665721033406578217e-05
4.884884884884884926e+00 3.975804451309611825e-05 3.779419980721693235e-05
4.904904904904904939e+00 4.083837319414637337e-05 3.879331155989505651e-05
4.924924924924924952e+00 4.174296717493826994e-05 3.963190521962959488e-05
4.944944944944944965e+00 4.245230866454480331e-05 4.029103085233445841e-05
4.964964964964964977e+00 4.295101715327825112e-05 4.075562678719342143e-05
4.984984984984984990e+00 4.322799898381735837e-05 4.101466880156165516e-05
5.005005005005005003e+00 4.327653238630258827e-05 4.106125788078339694e-05
5.025025025025025016e+00 4.309427704061407325e-05 4.089263625663489677e-05
5.045045045045045029e+00 4.268320057037419717e-05 4.051012457775789627e-05
5.065065065065065042e+00 4.204941818383655484e-05 3.991897665103178263e-05
5.085085085085085055e+00 4.120294570574320443e-05 3.912815197990172206e-05
5.105105105105105068e+00 4.015737024406036075e-05 3.815001008334604945e-05
5.125125125125125081e+00 3.892944647559402384e-05 3.699993409227148424e-05
5.145145145145145094e+00 3.753862981255962045e-05 3.569589420001678990e-05
5.165165165165165106e+00 3.600656036383788545e-05 3.425796403699355190e-05
5.185185185185185119e+00 3.435651351036923069e-05 3.270780483477557049e-05
5.205205205205205132e+00 3.261283400339830317e-05 3.106813327628458180e-05
5.225225225225225145e+00 3.080037074668625708e-05 2.936218917691707620e-05
5.245245245245245158e+00 2.894392886725197513e-05 2.761321863231592380e-05
5.265265265265265171e+00 2.706775438528037243e-05 2.584398706854881077e-05
5.285285285285285184e+00 2.519506487091013205e-05 2.407633484056338232e-05
5.305305305305305197e+00 2.334763706008691919e-05 2.233078577199147481e-05
5.325325325325325210e+00 2.154545964809307363e-05 2.062621645772789338e-05
5.345345345345345223e+00 1.980645655008395214e-05 1.897959141164220917e-05
5.365365365365365236e+00 1.814628297300242694e-05 1.740576638468578191e-05
5.385385385385385248e+00 1.657819383107182851e-05 1.591735954227220277e-05
5.405405405405405261e+00 1.511298148677009435e-05 1.452468779492662907e-05
5.425425425425425274e+00 1.375897761447639950e-05 1.323576352005923068e-05
5.445445445445445287e+00 1.252211223927597685e-05 1.205634526533052100e-05
5.465465465465465300e+00 1.140602174208689629e-05 1.099003482656367558e-05
5.485485485485485313e+00 1.041219685700751652e-05 1.003841235803922741e-05
5.505505505505505326e+00 9.540161401766577315e-06 9.201200886231147803e-06
5.525525525525525339e+00 8.787672636879792794e-06 8.476451722489598665e-06
5.545545545545545352e+00 8.150934683300536493e-06 7.860742750222658956e-06
5.565565565565565365e+00 7.624817267610845743e-06 7.349382328906579943e-06
5.585585585585585378e+00 7.203073125557512360e-06 6.936612534144979583e-06
5.605605605605605390e+00 6.878548594019768231e-06 6.615806561025221060e-06
5.625625625625625403e+00 6.643383176201625772e-06 6.379656280765019721e-06
5.645645645645645416e+00 6.489195100252396409e-06 6.220347088440462323e-06
5.665665665665665429e+00 6.407251043808793660e-06 6.129718252817689692e-06
5.685685685685685442e+00 6.388619215625806629e-06 6.099407930679816113e-06
5.705705705705705455e+00 6.424305834678222921e-06 6.120982803830265836e-06
5.725725725725725468e+00 6.505375705955641914e-06 6.186052917297825402e-06
5.745745745745745481e+00 6.623058053987203711e-06 6.286372735553799833e-06
5.765765765765765494e+00 6.768839046087849037e-06 6.413929695095930240e-06
5.785785785785785507e+00 6.934542534378372770e-06 6.561021631935287597e-06
5.805805805805805520e+00 7.112400494137039945e-06 6.720324424544239349e-06
5.825825825825825532e+00 7.295114467095839137e-06 6.884951045295348019e-06
5.845845845845845545e+00 7.475909066146049158e-06 7.048502987923987877e-06
5.865865865865865558e+00 7.648578297470711739e-06 7.205114767331803713e-06
5.885885885885885571e+00 7.807525140725731403e-06 7.349491901973526150e-06
5.905905905905905584e+00 7.947794527489270480e-06 7.476942515882322563e-06
5.925925925925925597e+00 8.065099597893935911e-06 7.583402460386879043e-06
5.945945945945945610e+00 8.155840914431411549e-06 7.665453672688810792e-06
5.965965965965965623e+00 8.217118183306927533e-06 7.720335371768784991e-06
5.985985985985985636e+00 8.246733983898176258e-06 7.745947647670997023e-06
6.006006006006005649e+00 8.243189036142715471e-06 7.740847028459028740e-06
6.026026026026025662e+00 8.205668638770834716e-06 7.704233705260609639e-06
6.046046046046045674e+00 8.134020078244223056e-06 7.635930250677419958e-06
6.066066066066065687e+00 8.028721025421180598e-06 7.536351866883474901e-06
6.086086086086085700e+00 7.890839188213245807e-06 7.406468432097695076e-06
6.106106106106105713e+00 7.721983756383793041e-06 7.247758861694725453e-06
6.126126126126125726e+00 7.524249441578427772e-06 7.062158546766679262e-06
6.146146146146145739e+00 7.300154165004436407e-06 6.852000863063238692e-06
6.166166166166165752e+00 7.052571662076934250e-06 6.619953943218605273e-06
6.186186186186185765e+00 6.784660445604014118e-06 6.368954063716309763e-06
6.206206206206205778e+00 6.499790687606804028e-06 6.102137106738970301e-06
6.226226226226225791e+00 6.201470639031134971e-06 5.822769610685181946e-06
6.246246246246245803e+00 5.893274204321424433e-06 5.534180919779434021e-06
6.266266266266265816e+00 5.578771225447235907e-06 5.239697884106106489e-06
6.286286286286285829e+00 5.261461911987531092e-06 4.942583450723326127e-06
6.306306306306305842e+00 4.944716687455820969e-06 4.645980330901037732e-06
6.326326326326325855e+00 4.631722516467045491e-06 4.352860736578782005e-06
6.346346346346345868e+00 4.325436543335426971e-06 4.065982960804002543e-06
6.366366366366365881e+00 4.028547621755852714e-06 3.787855342863215276e-06
6.386386386386385894e+00 3.743446058961397239e-06 3.520707919822691391e-06
6.406406406406405907e+00 3.472201647237755076e-06 3.266471832531821363e-06
6.426426426426426808e+00 3.216549820905428585e-06 3.026766335095184411e-06
6.446446446446446821e+00 2.977885566324277089e-06 2.802893060265265847e-06
6.466466466466466834e+00 2.757264532762294431e-06 2.595837025317687903e-06
6.486486486486486847e+00 2.555410647698575919e-06 2.406273728033497331e-06
6.506506506506506859e+00 2.372729433801773118e-06 2.234581582774300409e-06
6.526526526526526872e+00 2.209326156913572656e-06 2.080858882760439056e-06
6.546546546546546885e+00 2.065027903481325439e-06 1.944944445283329531e-06
6.566566566566566898e+00 1.939408689031716814e-06 1.826441098944841113e-06
6.586586586586586911e+00 1.831816732181449815e-06 1.724741202168658385e-06
6.606606606606606924e+00 1.741403086143181113e-06 1.639053435361028175e-06
6.626626626626626937e+00 1.667150895960823526e-06 1.568430179888389103e-06
6.646646646646646950e+00 1.607904638873181471e-06 1.511794879991358498e-06
6.666666666666666963e+00 1.562398801491009177e-06 1.467968873511350637e-06
6.686686686686686976e+00 1.529285545559368585e-06 1.435697268919182275e-06
6.706706706706706989e+00 1.507161009324102610e-06 1.413673535280340527e-06
6.726726726726727001e+00 1.494589980134166338e-06 1.400562554924733916e-06
6.746746746746747014e+00 1.490128753042202298e-06 1.395021963037957380e-06
6.766766766766767027e+00 1.492346057943840114e-06 1.395721662388124738e-06
6.786786786786787040e+00 1.499841993302029495e-06 1.401361454058284949e-06
6.806806806806807053e+00 1.511264947686963672e-06 1.410686766286553955e-06
6.826826826826827066e+00 1.525326521924764519e-06 1.422502493937000105e-06
6.846846846846847079e+00 1.540814485887947876e-06 1.435684981903577815e-06
6.866866866866867092e+00 1.556603816607911233e-06 1.449192198459695899e-06
6.886886886886887105e+00 1.571665870433513995e-06 1.462072151024111676e-06
6.906906906906907118e+00 1.585075743481584678e-06 1.473469598927212870e-06
6.926926926926927131e+00 1.596017873647089319e-06 1.482631117388585799e-06
6.946946946946947143e+00 1.603789935796320257e-06 1.488908565746739474e-06
6.966966966966967156e+00 1.607805080999303096e-06 1.491761012442075684e-06
6.986986986986987169e+00 1.607592571949835768e-06 1.490755170443295320e-06
7.007007007007007182e+00 1.602796870854139349e-06 1.485564400458146406e-06
7.027027027027027195e+00 1.593175243412313330e-06 1.475966345739451429e-06
7.047047047047047208e+00 1.578593953048066151e-06 1.461839271585087130e-06
7.067067067067067221e+00 1.559023132887634068e-06 1.443157194412585248e-06
7.087087087087087234e+00 1.534530438483075560e-06 1.419983898974777155e-06
7.107107107107107247e+00 1.505273601034336034e-06 1.392465957080924759e-06
7.127127127127127260e+00 1.471492017866634945e-06 1.360824876179371705e-06
7.147147147147147273e+00 1.433497533086416382e-06 1.325348520371261394e-06
7.167167167167167285e+00 1.391664575614497292e-06 1.286381958908169738e-06
7.187187187187187298e+00 1.346419833216464337e-06 1.244317907111090852e-06
7.207207207207207311e+00 1.298231648908123235e-06 1.199586931204293595e-06
7.227227227227227324e+00 1.247599329596790750e-06 1.152647591235282179e-06
7.247247247247247337e+00 1.195042555645353651e-06 1.103976694709613169e-06
7.267267267267267350e+00 1.141091074076733761e-06 1.054059827686016495e-06
7.287287287287287363e+00 1.086274847475638651e-06 1.003382319952673332e-06
7.307307307307307376e+00 1.031114815623773931e-06 9.524207868458744116e-07
7.327327327327327389e+00 9.761144080558305083e-07 9.016353727656127120e-07
7.347347347347347402e+00 9.217519237419904784e-07 8.514628011251408315e-07
7.367367367367367414e+00 8.684738698038525837e-07 8.023103130880823866e-07
7.387387387387387427e+00 8.166893254429085280e-07 7.545505538075985189e-07
7.407407407407407440e+00 7.667653710171027266e-07 7.085174408196622675e-07
7.427427427427427453e+00 7.190235963335305095e-07 6.645030255686398090e-07
7.447447447447447466e+00 6.737376775630841972e-07 6.227553365122701424e-07
7.467467467467467479e+00 6.311319894568289853e-07 5.834771715287090610e-07
7.487487487487487492e+00 5.913811993595608810e-07 5.468257889795321417e-07
7.507507507507507505e+00 5.546107723343916230e-07 5.129134311863600699e-07
7.527527527527527518e+00 5.208983028400698538e-07 4.818086015308721344e-07
7.547547547547547531e+00 4.902755779914165057e-07 4.535380070223238115e-07
7.567567567567567544e+00 4.627312704853908701e-07 4.280890719914744405e-07
7.587587587587587556e+00 4.382141556587864811e-07 4.054129254402670245e-07
7.607607607607607569e+00 4.166367466106127164e-07 3.854277642725112709e-07
7.627627627627627582e+00 3.978792435327778676e-07 3.680224968378705232e-07
7.647647647647647595e+00 3.817936979398826840e-07 3.530605755645944508e-07
7.667667667667667608e+00 3.682082989253120858e-07 3.403839335237428723e-07
7.687687687687687621e+00 3.569316964338754403e-07 3.298169471336618132e-07
7.707707707707707634e+00 3.477572853767200572e-07 3.211703554605090765e-07
7.727727727727727647e+00 3.404673837963057458e-07 3.142450753071274497e-07
7.747747747747747660e+00 3.348372478368392947e-07 3.088358601581382672e-07
7.767767767767767673e+00 3.306388756643102555e-07 3.047347597652666413e-07
7.787787787787787686e+00 3.276445614497995510e-07 3.017343454738837803e-07
7.807807807807807698e+00 3.256301688867140706e-07 2.996306741312457436e-07
7.827827827827827711e+00 3.243781013296111093e-07 2.982259704611240319e-07
7.847847847847847724e+00 3.236799524531890786e-07 2.973310140769273224e-07
7.867867867867867737e+00 3.233388273226129480e-07 2.967672228240622717e-07
7.887887887887887750e+00 3.231713289727511137e-07 2.963684289211540622e-07
7.907907907907907763e+00 3.230092100800134039e-07 2.959823484690231878e-07
7.927927927927927776e+00 3.227006931647100799e-07 2.954717483972407964e-07
7.947947947947947789e+00 3.221114660843239708e-07 2.947153179130033547e-07
7.967967967967967802e+00 3.211253624706707199e-07 2.936082541004179919e-07
7.987987987987987815e+00 3.196447393216707746e-07 2.920625735786786678e-07
8.008008008008008716e+00 3.175905662628413798e-07 2.900071641416736952e-07
8.028028028028028729e+00 3.149022431077218694e-07 2.873875921294697085e-07
8.048048048048048742e+00 3.115371643121611069e-07 2.841656829649764514e-07
8.068068068068068754e+00 3.074700507547064180e-07 2.803188938482092834e-07
8.088088088088088767e+00 3.026920709832191798e-07 2.758394990381867296e-07
8.108108108108108780e+00 2.972097756269431656e-07 2.707336094541229027e-07
8.128128128128128793e+00 2.910438700494663539e-07 2.650200494651924989e-07
8.148148148148148806e+00 2.842278514671695718e-07 2.587291146743464909e-07
8.168168168168168819e+00 2.768065376304921900e-07 2.519012351940672711e-07
8.188188188188188832e+00 2.688345147122284697e-07 2.445855693177566434e-07
8.208208208208208845e+00 2.603745322233147013e-07 2.368385525707178133e-07
8.228228228228228858e+00 2.514958725462385806e-07 2.287224268480601981e-07
8.248248248248248871e+00 2.422727220155929624e-07 2.203037736927126588e-07
8.268268268268268884e+00 2.327825693753566674e-07 2.116520747273008684e-07
8.288288288288288896e+00 2.231046559102012540e-07 2.028383208353232220e-07
8.308308308308308909e+00 2.133184996068158212e-07 1.939336899107149272e-07
8.328328328328328922e+00 2.035025133899064705e-07 1.850083108952363988e-07
8.348348348348348935e+00 1.937327348491821276e-07 1.761301294473473429e-07
8.368368368368368948e+00 1.840816819930120359e-07 1.673638879918881571e-07
8.388388388388388961e+00 1.746173465050181614e-07 1.587702301523130134e-07
8.408408408408408974e+00 1.654023328206093849e-07 1.504049367365695892e-07
8.428428428428428987e+00 1.564931481623602064e-07 1.423182976059399309e-07
8.448448448448449000e+00 1.479396455557690440e-07 1.345546209738969901e-07
8.468468468468469013e+00 1.397846188653240891e-07 1.271518790258383004e-07
8.488488488488489025e+00 1.320635461125899269e-07 1.201414862803491448e-07
8.508508508508509038e+00 1.248044748211460414e-07 1.135482048796653325e-07
8.528528528528529051e+00 1.180280409242104892e-07 1.073901690422877510e-07
8.548548548548549064e+00 1.117476109037154298e-07 1.016790192641141204e-07
8.568568568568569077e+00 1.059695353255840423e-07 9.642013553429051520e-08
8.588588588588589090e+00 1.006935008033440079e-07 9.161295784514548392e-08
8.608608608608609103e+00 9.591296665730237370e-08 8.725138161817581243e-08
8.628628628628629116e+00 9.161567212473861728e-08 8.332421532654456634e-08
8.648648648648649129e+00 8.778419989409935968e-08 7.981568754708395043e-08
8.668668668668669142e+00 8.439658195165440708e-08 7.670599089285507610e-08
8.688688688688689155e+00 8.142693420564431723e-08 7.397185072750298704e-08
8.708708708708709167e+00 7.884610705023383928e-08 7.158710720845101860e-08
8.728728728728729180e+00 7.662233990759465983e-08 6.952330000950841757e-08
8.748748748748749193e+00 7.472190879936656135e-08 6.775024599704539044e-08
8.768768768768769206e+00 7.310975710848286079e-08 6.623660114142438752e-08
8.788788788788789219e+00 7.175010086176724026e-08 6.495039900350225696e-08
8.808808808808809232e+00 7.060700105962484139e-08 6.385955921495157001e-08
8.828828828828829245e+00 6.964489677293339913e-08 6.293236044525464075e-08
8.848848848848849258e+00 6.882909389517073655e-08 6.213787339631775550e-08
8.868868868868869271e+00 6.812620556111131125e-08 6.144635037102526502e-08
8.888888888888889284e+00 6.750454130803962215e-08 6.082956891228847538e-08
8.908908908908909297e+00 6.693444305164333537e-08 6.026112789574602070e-08
8.928928928928929309e+00 6.638856687061228025e-08 5.971669527716065171e-08
8.948948948948949322e+00 6.584211043863719317e-08 5.917420744246638818e-08
8.968968968968969335e+00 6.527298670954813816e-08 5.861402078428067453e-08
8.988988988988989348e+00 6.466194515204335297e-08 5.801901673498592359e-08
9.009009009009009361e+00 6.399264244719973425e-08 5.737466202566556884e-08
9.029029029029029374e+00 6.325166510759126841e-08 5.666902641515765250e-08
9.049049049049049387e+00 6.242850695428782326e-08 5.589276054721647624e-08
9.069069069069069400e+00 6.151550479988478437e-08 5.503903694892222841e-08
9.089089089089089413e+00 6.050773603413230116e-08 5.410345748224428035e-08
9.109109109109109426e+00 5.940288209520168715e-08 5.308393080467897544e-08
9.129129129129129439e+00 5.820106203506397383e-08 5.198052358521572256e-08
9.149149149149149451e+00 5.690464055230209269e-08 5.079528935914351352e-08
9.169169169169169464e+00 5.551801497007872265e-08 4.953207898969075386e-08
9.189189189189189477e+00 5.404738568100599392e-08 4.819633673638779099e-08
9.209209209209209490e+00 5.250051456456709199e-08 4.679488590966431985e-08
9.229229229229229503e+00 5.088647580720715120e-08 4.533570801919652209e-08
9.249249249249249516e+00 4.921540342158628445e-08 4.382771920110333678e-08
9.269269269269269529e+00 4.749823957196519120e-08 4.228054753818094935e-08
9.289289289289289542e+00 4.574648757045099233e-08 4.070431467072535463e-08
9.309309309309309555e+00 4.397197311809805797e-08 3.910942483680639340e-08
9.329329329329329568e+00 4.218661703093400670e-08 3.750636418472776313e-08
9.349349349349349581e+00 4.040222232015699173e-08 3.590551287231674242e-08
9.369369369369369593e+00 3.863027809520507234e-08 3.431697211388746405e-08
9.389389389389389606e+00 3.688178233601009771e-08 3.275040796308785575e-08
9.409409409409409619e+00 3.516708514488794079e-08 3.121491323568093605e-08
9.429429429429429632e+00 3.349575364779285980e-08 2.971888858815314295e-08
9.449449449449449645e+00 3.187645927767536425e-08 2.826994338340733877e-08
9.469469469469469658e+00 3.031688774774186563e-08 2.687481660096535142e-08
9.489489489489489671e+00 2.882367161731859621e-08 2.553931769290323201e-08
9.509509509509509684e+00 2.740234497481191385e-08 2.426828695434499511e-08
9.529529529529529697e+00 2.605731941703961513e-08 2.306557467410110866e-08
9.549549549549549710e+00 2.479188019700914927e-08 2.193403806136327732e-08
9.569569569569569722e+00 2.360820114687474866e-08 2.087555471162117933e-08
9.589589589589589735e+00 2.250737676192507027e-08 1.989105118143274896e-08
9.609609609609609748e+00 2.148946965639980678e-08 1.898054508854793781e-08
9.629629629629629761e+00 2.055357147287962036e-08 1.814319904129682960e-08
9.649649649649649774e+00 1.969787524299476575e-08 1.737738462826401132e-08
9.669669669669669787e+00 1.891975715631010878e-08 1.668075466435964797e-08
9.689689689689689800e+00 1.821586569366960100e-08 1.605032188998602230e-08
9.709709709709709813e+00 1.758221611752325476e-08 1.548254235299351959e-08
9.729729729729729826e+00 1.701428838078812342e-08 1.497340176496093052e-08
9.749749749749749839e+00 1.650712661322657250e-08 1.451850321014603325e-08
9.769769769769769852e+00 1.605543846557894642e-08 1.411315469318360830e-08
9.789789789789789864e+00 1.565369273214063083e-08 1.375245513617351558e-08
9.809809809809809877e+00 1.529621382759243454e-08 1.343137757319547452e-08
9.829829829829829890e+00 1.497727185935125417e-08 1.314484843668612446e-08
9.849849849849849903e+00 1.469116720847293942e-08 1.288782198195687358e-08
9.869869869869869916e+00 1.443230870654265182e-08 1.265534905017798553e-08
9.889889889889889929e+00 1.419528466976610572e-08 1.244263952352611533e-08
9.909909909909909942e+00 1.397492622179318897e-08 1.224511797638937782e-08
9.929929929929929955e+00 1.376636250125862353e-08 1.205847217142855413e-08
9.949949949949949968e+00 1.356506750662417092e-08 1.187869418715763733e-08
9.969969969969969981e+00 1.336689847805637793e-08 1.170211409313157640e-08
9.989989989989989994e+00 1.316812585252993068e-08 1.152542620872829651e-08
1.001001001001001001e+01 1.296545495318234834e-08 1.134570809108190682e-08
1.003003003003003002e+01 1.275603968650547603e-08 1.116043249640056582e-08
1.005005005005005003e+01 1.253748862081782349e-08 1.096747264632780859e-08
1.007007007007007005e+01 1.230786390638702685e-08 1.076510120699233799e-08
1.009009009009009006e+01 1.206567357148885825e-08 1.055198345289038377e-08
1.011011011011011007e+01 1.180985778965522189e-08 1.032716514082476802e-08
1.013013013013013008e+01 1.153976976154529200e-08 1.009005566095000360e-08
1.015015015015015010e+01 1.125515189053392471e-08 9.840407062791078274e-09
1.017017017017017011e+01 1.095610795459863564e-08 9.578289574236991115e-09
1.019019019019019012e+01 1.064307198883307119e-08 9.304064241353277503e-09
1.021021021021021014e+01 1.031677459343548965e-08 9.018353316874668340e-09
1.023023023023023015e+01 9.978207371914334669e-09 8.722009015966273111e-09
1.025025025025025016e+01 9.628586184205575330e-09 8.416081239890065524e-09
1.027027027027027017e+01 9.269313870182970479e-09 8.101784842269372252e-09
1.029029029029029019e+01 8.901943061527028304e-09 7.780466979469836273e-09
1.031031031031031020e+01 8.528139655051750170e-09 7.453575047047512284e-09
1.033033033033033021e+01 8.149647469401300711e-09 7.122625659157940831e-09
1.035035035035035023e+01 7.768254550623212487e-09 6.789175078239007256e-09
1.037037037037037024e+01 7.385761531658519806e-09 6.454791449188536901e-09
1.039039039039039025e+01 7.003952387460084947e-09 6.121029136700488414e-09
1.041041041041041026e+01 6.624567862474015308e-09 5.789405407463217172e-09
1.043043043043043028e+01 6.249281781807265791e-09 5.461379641616037599e-09
1.045045045045045029e+01 5.879680392740468795e-09 5.138335201237919194e-09
1.047047047047047030e+01 5.517244820457677205e-09 4.821564028688268159e-09
1.049049049049049032e+01 5.163336662006456534e-09 4.512253995250674724e-09
1.051051051051051033e+01 4.819186686523321961e-09 4.211478971574149295e-09
1.053053053053053034e+01 4.485886558492587912e-09 3.920191546585991067e-09
1.055055055055055035e+01 4.164383454945314088e-09 3.639218281469627766e-09
1.057057057057057037e+01 3.855477407594272005e-09 3.369257350432885937e-09
1.059059059059059038e+01 3.559821167328527007e-09 3.110878390673284050e-09
1.061061061061061039e+01 3.277922361484293259e-09 2.864524360373187841e-09
1.063063063063063041e+01 3.010147693935460491e-09 2.630515185786368851e-09
1.065065065065065042e+01 2.756728924222645770e-09 2.409052966432621755e-09
1.067067067067067043e+01 2.517770354436562319e-09 2.200228500898524008e-09
1.069069069069069045e+01 2.293257551033747923e-09 2.004028894437480266e-09
1.071071071071071046e+01 2.083067032723218503e-09 1.820346013061839886e-09
1.073073073073073047e+01 1.886976664461785798e-09 1.648985556634128242e-09
1.075075075075075048e+01 1.704676510803469599e-09 1.489676535042064141e-09
1.077077077077077050e+01 1.535779918684834628e-09 1.342080946288562678e-09
1.079079079079079051e+01 1.379834619485899065e-09 1.205803472624904917e-09
1.081081081081081052e+01 1.236333662171408022e-09 1.080401030078560185e-09
1.083083083083083054e+01 1.104726012788284996e-09 9.653920272637312621e-10
1.085085085085085055e+01 9.844266799008371515e-10 8.602652106260452682e-10
1.087087087087087056e+01 8.748262500599214921e-10 7.644879947161479845e-10
1.089089089089089057e+01 7.752997415579312809e-10 6.775141972141421012e-10
1.091091091091091059e+01 6.852147080175227439e-10 5.987911188005290537e-10
1.093093093093093060e+01 6.039385453721606721e-10 5.277659272172368201e-10
1.095095095095095061e+01 5.308449761724099553e-10 4.638913226801380021e-10
1.097097097097097063e+01 4.653197036241168116e-10 4.066304779570506116e-10
1.099099099099099064e+01 4.067652441416992466e-10 3.554612607453781465e-10
1.101101101101101065e+01 3.546049613642728771e-10 3.098797583688773648e-10
1.103103103103103066e+01 3.082863364859199942e-10 2.694031352214273338e-10
1.105105105105105068e+01 2.672835194076413290e-10 2.335718618291524650e-10
1.107107107107107069e+01 2.310992126953227685e-10 2.019513609403039149e-10
1.109109109109109070e+01 1.992659457390328399e-10 1.741331207843529117e-10
1.111111111111111072e+01 1.713468000046041350e-10 1.497353286994048948e-10
1.113113113113113073e+01 1.469356480272864463e-10 1.284030798664161583e-10
1.115115115115115074e+01 1.256569690172732733e-10 1.098082160828939770e-10
1.117117117117117076e+01 1.071653028375609462e-10 9.364884854090342082e-11
1.119119119119119077e+01 9.114440188954767423e-11 7.964861663104825054e-11
1.121121121121121078e+01 7.730613731237625580e-11 6.755573206040608128e-11
1.123123123123123079e+01 6.538921207193011768e-11 5.714185422618555916e-11
1.125125125125125081e+01 5.515772917605973328e-11 4.820083899548883992e-11
1.127127127127127082e+01 4.639965857983031170e-11 4.054739895864656829e-11
1.129129129129129083e+01 3.892524149598116673e-11 3.401570898692997167e-11
1.131131131131131085e+01 3.256536593926875235e-11 2.845798665555953954e-11
1.133133133133133086e+01 2.716994252634034913e-11 2.374307289244470372e-11
1.135135135135135087e+01 2.260630492214112681e-11 1.975503416668221919e-11
1.137137137137137088e+01 1.875765494655697720e-11 1.639180370578330616e-11
1.139139139139139090e+01 1.552156828915624610e-11 1.356387567768481671e-11
1.141141141141141091e+01 1.280857306626261557e-11 1.119306302844469723e-11
1.143143143143143092e+01 1.054081011830670153e-11 9.211326751098881809e-12
1.145145145145145094e+01 8.650780997899260726e-12 7.559681785462429763e-12
1.147147147147147095e+01 7.080187040109676327e-12 6.187182512490453630e-12
1.149149149149149096e+01 5.778860726103782751e-12 5.049988901512082670e-12
1.151151151151151097e+01 4.703788731978846254e-12 4.110512778820953648e-12
1.153153153153153099e+01 3.818224572832214551e-12 3.336642391215866132e-12
1.155155155155155100e+01 3.090887580142390606e-12 2.701042413955054065e-12
1.157157157157157101e+01 2.495244058079238331e-12 2.180525772698009451e-12
1.159159159159159103e+01 2.008865819694200326e-12 1.755493085659377320e-12
1.161161161161161104e+01 1.612860875129212393e-12 1.409435157476861856e-12
1.163163163163163105e+01 1.291370799754666467e-12 1.128493742874109346e-12
1.165165165165165106e+01 1.031129220626597578e-12 9.010757199728192072e-13
1.167167167167167108e+01 8.210758969026712972e-13 7.175158456614053588e-13
1.169169169169169109e+01 6.520210082552092537e-13 5.697833863717015704e-13
1.171171171171171110e+01 5.163544818043723449e-13 4.512281067963834950e-13
1.173173173173173112e+01 4.077954622759202810e-13 3.563613386800610649e-13
1.175175175175175113e+01 3.211773442642569166e-13 2.806681263675615737e-13
1.177177177177177114e+01 2.522641245715699561e-13 2.204467421148914724e-13
1.179179179179179116e+01 1.975941840073952725e-13 1.726721712593024464e-13
1.181181181181181117e+01 1.543479614928253141e-13 1.348804762240320966e-13
1.183183183183183118e+01 1.202363306491199059e-13 1.050712518604726216e-13
1.185185185185185119e+01 9.340682397153342449e-14 8.162567730899028212e-14
1.187187187187187121e+01 7.236516755366423928e-14 6.323794733279565294e-14
1.189189189189189122e+01 5.590988691087671632e-14 4.885812612919198012e-14
1.191191191191191123e+01 4.307801972381517852e-14 3.764470717566688093e-14
1.193193193193193125e+01 3.310022324225385438e-14 2.892538281365603518e-14
1.195195195195195126e+01 2.536379240896114185e-14 2.216472679495225078e-14
1.197197197197197127e+01 1.938230986082818012e-14 1.693767224491967519e-14
1.199199199199199128e+01 1.477083169162383540e-14 1.290782717692219317e-14
1.201201201201201130e+01 1.122567441172338423e-14 9.809810867382006317e-15
1.203203203203203131e+01 8.508010341935427547e-15 7.434918317594879095e-15
1.205205205205205132e+01 6.430602298887349153e-15 5.619528056872706466e-15
1.207207207207207134e+01 4.847115502667035167e-15 4.235762109968674766e-15
1.209209209209209135e+01 3.643536805706151818e-15 3.183987495095459616e-15
1.211211211211211136e+01 2.731310210153046277e-15 2.386817539672466184e-15
1.213213213213213137e+01 2.041864743743897515e-15 1.784329940211845003e-15
1.215215215215215139e+01 1.522267542398915592e-15 1.330268109690454693e-15
1.217217217217217140e+01 1.131782774008198036e-15 9.890341148457235266e-16
1.219219219219219141e+01 8.391570481864927442e-16 7.333164697568306645e-16
1.221221221221221143e+01 6.204852879480842466e-16 5.422251792752947041e-16
1.223223223223223144e+01 4.575386700976097816e-16 3.998305717110233553e-16
1.225225225225225145e+01 3.364590368361531603e-16 2.940223807238343204e-16
1.227227227227227146e+01 2.467428996612740851e-16 2.156218940266982828e-16
1.229229229229229148e+01 1.804534567885306610e-16 1.576933568900187201e-16
1.231231231231231149e+01 1.316114950441671978e-16 1.150116979090652367e-16
1.233233233233233150e+01 9.572613274200325844e-17 8.365245799557985178e-17
1.235235235235235152e+01 6.943449491025902852e-17 6.067691238060753707e-17
1.237237237237237153e+01 5.022594562027921721e-17 4.389108476373324863e-17
1.239239239239239154e+01 3.623172726159450863e-17 3.166191880979364663e-17
1.241241241241241156e+01 2.606501803742374782e-17 2.277750875408002780e-17
1.243243243243243157e+01 1.869971967123931058e-17 1.634117528324038671e-17
1.245245245245245158e+01 1.337889475026803513e-17 1.169145142567845699e-17
1.247247247247247159e+01 9.545824669842215179e-18 8.341835968419116080e-18
1.249249249249249161e+01 6.792266920673254771e-18 5.935576910915759793e-18
1.251251251251251162e+01 4.819745542124116148e-18 4.211844247351993242e-18
1.253253253253253163e+01 3.410684528837315118e-18 2.980504237570851922e-18
1.255255255255255165e+01 2.406949990778285475e-18 2.103367985657892962e-18
1.257257257257257166e+01 1.693950275290025721e-18 1.480296970020979352e-18
1.259259259259259167e+01 1.188891777532059557e-18 1.038940116268834512e-18
1.261261261261261168e+01 8.321316948441539740e-19 7.271772049655762459e-19
1.263263263263263170e+01 5.808311232986200474e-19 5.075724857186095447e-19
1.265265265265265171e+01 4.043111981031568170e-19 3.533165348640815917e-19
1.267267267267267172e+01 2.806659549101003737e-19 2.452663272953700968e-19
1.269269269269269174e+01 1.942995414881561337e-19 1.697930728763932556e-19
1.271271271271271175e+01 1.341411085291591400e-19 1.172222581781005514e-19
1.273273273273273176e+01 9.235492950703857986e-20 8.070645538418843046e-20
1.275275275275275177e+01 6.341125465996134673e-20 5.541336691377663674e-20
1.277277277277277179e+01 4.341908692466436165e-20 3.794275649834658212e-20
1.279279279279279180e+01 2.964852561046112006e-20 2.590903833893562899e-20
1.281281281281281181e+01 2.018987318598069104e-20 1.764337981950941315e-20
1.283283283283283360e+01 1.371109550461224788e-20 1.198175260939311934e-20
1.285285285285285362e+01 9.285788671795820159e-21 8.114597598064680802e-21
1.287287287287287363e+01 6.271530090422363159e-21 5.480519189770600262e-21
1.289289289289289364e+01 4.224120512198510957e-21 3.691343769897846368e-21
1.291291291291291365e+01 2.837312454682373672e-21 2.479450011570388141e-21
1.293293293293293367e+01 1.900579777093725569e-21 1.660864859112954929e-21
1.295295295295295368e+01 1.269618138189904412e-21 1.109484682319670721e-21
1.297297297297297369e+01 8.458010258805123003e-22 7.391224607444349105e-22
1.299299299299299371e+01 5.619159656193944473e-22 4.910430450327511494e-22
1.301301301301301372e+01 3.722910630309952190e-22 3.253350116644378870e-22
1.303303303303303373e+01 2.459812052101587622e-22 2.149562700075258058e-22
1.305305305305305374e+01 1.620799574726539576e-22 1.416372566820044811e-22
1.307307307307307376e+01 1.065037201897548449e-22 9.307069787854426316e-23
1.309309309309309377e+01 6.979242955427483764e-23 6.098970170884549986e-23
1.311311311311311378e+01 4.560998513256592430e-23 3.985732272032201767e-23
1.313313313313313380e+01 2.972484641878397428e-23 2.597573301289144778e-23
1.315315315315315381e+01 1.931912191075391650e-23 1.688245401598190880e-23
1.317317317317317382e+01 1.252169789713041662e-23 1.094237046211961410e-23
1.319319319319319384e+01 8.093700601784837431e-24 7.072864328926695522e-24
1.321321321321321385e+01 5.217219677084506862e-24 4.559186059104787540e-24
1.323323323323323386e+01 3.353815649912617478e-24 2.930808074471155126e-24
1.325325325325325387e+01 2.150043888732908613e-24 1.878864746107899072e-24
1.327327327327327389e+01 1.374559483354092213e-24 1.201190063252294328e-24
1.329329329329329390e+01 8.763706543702482254e-25 7.658364257811287010e-25
1.331331331331331391e+01 5.572116522380898799e-25 4.869320738041626484e-25
1.333333333333333393e+01 3.533138218927363709e-25 3.087513179361764629e-25
1.335335335335335394e+01 2.234133602457648350e-25 1.952348454722251199e-25
1.337337337337337395e+01 1.408853153667907552e-25 1.231158366925037914e-25
1.339339339339339396e+01 8.859932052402861727e-26 7.742453106844033348e-26
1.341341341341341398e+01 5.556523161433894296e-26 4.855694124970984224e-26
1.343343343343343399e+01 3.475233112521350323e-26 3.036911485314485269e-26
1.345345345345345400e+01 2.167568490729519648e-26 1.894179018087903915e-26
1.347347347347347402e+01 1.348248021587853721e-26 1.178197194041477380e-26
1.349349349349349403e+01 8.363245183742512377e-27 7.308411991557486584e-27
1.351351351351351404e+01 5.173541551100186653e-27 4.521016935433377252e-27
1.353353353353353405e+01 3.191604940952479671e-27 2.789056557628404595e-27
1.355355355355355407e+01 1.963533842448109904e-27 1.715878700755131737e-27
1.357357357357357408e+01 1.204691172680420084e-27 1.052746777011398783e-27
1.359359359359359409e+01 7.370910538313737846e-28 6.441237795064039643e-28
1.361361361361361411e+01 4.497535780912394578e-28 3.930273920173402257e-28
1.363363363363363412e+01 2.736756694182755245e-28 2.391577073529006466e-28
1.365365365365365413e+01 1.660755983784878696e-28 1.451289383520475855e-28
1.367367367367367414e+01 1.005040441802001225e-28 8.782774455954687359e-29
1.369369369369369416e+01 6.065537951006737483e-29 5.300508274294961417e-29
1.371371371371371417e+01 3.650591060792394239e-29 3.190152016209157241e-29
1.373373373373373418e+01 2.191114750728413643e-29 1.914755452851142441e-29
1.375375375375375420e+01 1.311520653223207619e-29 1.146102147982524861e-29
1.377377377377377421e+01 7.828764344551708306e-30 6.841343755653899335e-30
1.379379379379379422e+01 4.660359096059515258e-30 4.072560776863863009e-30
1.381381381381381424e+01 2.766646156426423080e-30 2.417696659823984955e-30
1.383383383383383425e+01 1.637932232085736003e-30 1.431344329065465798e-30
1.385385385385385426e+01 9.670441796635302290e-31 8.450735478564695613e-31
1.387387387387387427e+01 5.693833672488734778e-31 4.975686037621212196e-31
1.389389389389389429e+01 3.343268930837555972e-31 2.921591584165499514e-31
1.391391391391391430e+01 1.957699019586737118e-31 1.710779808108582645e-31
1.393393393393393431e+01 1.143216829521073178e-31 9.990260242595534316e-32
1.395395395395395433e+01 6.657625623299493200e-32 5.817917551336067990e-32
1.397397397397397434e+01 3.866501701386366702e-32 3.378830439495046523e-32
1.399399399399399435e+01 2.239366186397887144e-32 1.956921067192110376e-32
1.401401401401401436e+01 1.293421577482626265e-32 1.130285859057299236e-32
1.403403403403403438e+01 7.450118185320075801e-33 6.510455198653912542e-33
1.405405405405405439e+01 4.279512484368881231e-33 3.739749304442303572e-33
1.407407407407407440e+01 2.451509090399198771e-33 2.142306968174772474e-33
1.409409409409409442e+01 1.400492518817809705e-33 1.223852236032896913e-33
1.411411411411411443e+01 7.978773809610717845e-34 6.972432938046347596e-34
1.413413413413413444e+01 4.533144766645143633e-34 3.961391642136440827e-34
1.415415415415415445e+01 2.568449898535108472e-34 2.244498352703864142e-34
1.417417417417417447e+01 1.451278239690043225e-34 1.268232493130229670e-34
1.419419419419419448e+01 8.177834993829354695e-35 7.146387080706805580e-35
1.421421421421421449e+01 4.595513838803054162e-35 4.015894274170626081e-35
1.423423423423423451e+01 2.575359655960658962e-35 2.250536601364302397e-35
1.425425425425425452e+01 1.439294854191611107e-35 1.257760539199422358e-35
1.427427427427427453e+01 8.021761255121930851e-36 7.009998494879633885e-36
1.429429429429429455e+01 4.458592353090939406e-36 3.896242320162924565e-36
1.431431431431431456e+01 2.471347840174877085e-36 2.159643510817325363e-36
1.433433433433433457e+01 1.366086063185574902e-36 1.193785372344812459e-36
1.435435435435435458e+01 7.530612832220245947e-37 6.580797276368550710e-37
1.437437437437437460e+01 4.139907658941082780e-37 3.617752453002484652e-37
1.439439439439439461e+01 2.269650904595525811e-37 1.983386056890943534e-37
1.441441441441441462e+01 1.240896465429981099e-37 1.084385595421638431e-37
1.443443443443443464e+01 6.765814812994668510e-38 5.912461135071021856e-38
1.445445445445445465e+01 3.678855591331170551e-38 3.214851618981402714e-38
1.447447447447447466e+01 1.994864718459430731e-38 1.743257899250024054e-38
1.449449449449449467e+01 1.078753538278280490e-38 9.426933112536122389e-39
1.451451451451451469e+01 5.817536167101189247e-39 5.083786275644686774e-39
1.453453453453453470e+01 3.128700745092377811e-39 2.734086295577863567e-39
1.455455455455455471e+01 1.678019619037214952e-39 1.466375603776377517e-39
1.457457457457457473e+01 8.975075646497261255e-40 7.843073955012681242e-40
1.459459459459459474e+01 4.787262878783852716e-40 4.183458533304087049e-40
1.461461461461461475e+01 2.546504861082229765e-40 2.225321182675707286e-40
1.463463463463463476e+01 1.350858369407441050e-40 1.180478305845289230e-40
1.465465465465465478e+01 7.146332206657112401e-41 6.244984912831932055e-41
1.467467467467467479e+01 3.770202345291517770e-41 3.294677057237286112e-41
1.469469469469469480e+01 1.983600423473872512e-41 1.733414338916658839e-41
1.471471471471471482e+01 1.040762894695172916e-41 9.094943234169884998e-42
1.473473473473473483e+01 5.445747280813484901e-42 4.758890102547328037e-42
1.475475475475475484e+01 2.841654288454784929e-42 2.483244221749593043e-42
1.477477477477477485e+01 1.478744267205918726e-42 1.292234305877233779e-42
1.479479479479479487e+01 7.674020971391022661e-43 6.706117740013458340e-43
1.481481481481481488e+01 3.971558503422675485e-43 3.470636715040976876e-43
1.483483483483483489e+01 2.049778917230566827e-43 1.791245920644626474e-43
1.485485485485485491e+01 1.055021121876713717e-43 9.219541994845333737e-44
1.487487487487487492e+01 5.415310485962663564e-44 4.732292217206750215e-44
1.489489489489489493e+01 2.772002669950939232e-44 2.422377570979335508e-44
1.491491491491491495e+01 1.415050703316080821e-44 1.236574236622966715e-44
1.493493493493493496e+01 7.203746701978616953e-45 6.295157875226075192e-45
1.495495495495495497e+01 3.657235619495346604e-45 3.195958514934994484e-45
1.497497497497497498e+01 1.851635604021080034e-45 1.618093880438731103e-45
1.499499499499499500e+01 9.349021961952857173e-46 8.169855446650289080e-46
1.501501501501501501e+01 4.707441285771248275e-46 4.113704619034950956e-46
1.503503503503503502e+01 2.363805390986289335e-46 2.065665095981516464e-46
1.505505505505505504e+01 1.183713499712072612e-46 1.034414960436790662e-46
1.507507507507507505e+01 5.911389247339276531e-47 5.165801924114494694e-47
1.509509509509509506e+01 2.944018867276664097e-47 2.572697836816008471e-47
1.511511511511511507e+01 1.462176149269788857e-47 1.277755879244790625e-47
1.513513513513513509e+01 7.242139348952695172e-48 6.328708162867817995e-48
1.515515515515515510e+01 3.577191032964928232e-48 3.126009732709243288e-48
1.517517517517517511e+01 1.762079362588528500e-48 1.539833122273132846e-48
1.519519519519519513e+01 8.655992491887962551e-49 7.564235884118406443e-49
1.521521521521521514e+01 4.240493015977525349e-49 3.705651254650587198e-49
1.523523523523523515e+01 2.071685891327893615e-49 1.810389828143939910e-49
1.525525525525525516e+01 1.009344775668935323e-49 8.820388856295262256e-50
1.527527527527527518e+01 4.904144356968235033e-50 4.285598071005820302e-50
1.529529529529529519e+01 2.376265848367521884e-50 2.076553950026153720e-50
1.531531531531531520e+01 1.148245844107275084e-50 1.003420743020037077e-50
1.533533533533533522e+01 5.533282110900415733e-51 4.835384404439837117e-51
1.535535535535535523e+01 2.659125401723064985e-51 2.323737203207445822e-51
1.537537537537537524e+01 1.274391597481059287e-51 1.113656078274008370e-51
1.539539539539539525e+01 6.090810039347889843e-52 5.322592863401976614e-52
1.541541541541541527e+01 2.903055143906559879e-52 2.536900755596999631e-52
1.543543543543543528e+01 1.379887214956022416e-52 1.205845822670066101e-52
1.545545545545545529e+01 6.540937074788092888e-53 5.715946609616465380e-53
1.547547547547547531e+01 3.092035179320240547e-53 2.702045257119821956e-53
1.549549549549549532e+01 1.457662417430912069e-53 1.273811452031051909e-53
1.551551551551551533e+01 6.852949977570215663e-54 5.988606180167653588e-54
1.553553553553553535e+01 3.212966828398949215e-54 2.807724128762103738e-54
1.555555555555555536e+01 1.502252712209051881e-54 1.312777695146479887e-54
1.557557557557557537e+01 7.004672367893772154e-55 6.121192241255993281e-55
1.559559559559559538e+01 3.257172290672282777e-55 2.846354077241767853e-55
1.561561561561561540e+01 1.510433854665251840e-55 1.319926972528393871e-55
1.563563563563563541e+01 6.985070052667647374e-56 6.104062312321302728e-56
1.565565565565565542e+01 3.221424042191688644e-56 2.815114657359564011e-56
1.567567567567567544e+01 1.481607269273650795e-56 1.294736205341372561e-56
1.569569569569569545e+01 6.795577654568953028e-57 5.938470071014591196e-57
1.571571571571571546e+01 3.108334394441801679e-57 2.716288696912661278e-57
1.573573573573573547e+01 1.417872447790459019e-57 1.239040082200918419e-57
1.575575575575575549e+01 6.449925043618446661e-58 5.636413676483134858e-58
1.577577577577577550e+01 2.926039919178377317e-58 2.556986524162812958e-58
1.579579579579579551e+01 1.323774164500208723e-58 1.156810157467838626e-58
1.581581581581581553e+01 5.972492732329059409e-59 5.219198594021217115e-59
1.583583583583583554e+01 2.687233679325283542e-59 2.348300260797747642e-59
1.585585585585585555e+01 1.205766775385122307e-59 1.053686716895079120e-59
1.587587587587587556e+01 5.395469807810015628e-60 4.714953989408129338e-60
1.589589589589589558e+01 2.407705115009643244e-60 2.104027868138671885e-60
1.591591591591591559e+01 1.071483281489776389e-60 9.363400320267764232e-61
1.593593593593593560e+01 4.755274345280488930e-61 4.155504625854047871e-61
1.595595595595595562e+01 2.104620669112038474e-61 1.839170632677188013e-61
1.597597597597597563e+01 9.289239488186498011e-62 8.117613172442142623e-62
1.599599599599599564e+01 4.088787714825542664e-62 3.573080127323450553e-62
1.601601601601601743e+01 1.794804052201113073e-62 1.568430336480068857e-62
1.603603603603603744e+01 7.856834311335850182e-63 6.865873334464602863e-63
1.605605605605605746e+01 3.429937629247521403e-63 2.997328997195476355e-63
1.607607607607607747e+01 1.493251383893919182e-63 1.304911679699970531e-63
1.609609609609609748e+01 6.483174392261736790e-64 5.665469375915272102e-64
1.611611611611611750e+01 2.807052639753489431e-64 2.453006784159243411e-64
1.613613613613613751e+01 1.212052648184420584e-64 1.059179769787166818e-64
1.615615615615615752e+01 5.219158518027083636e-65 4.560880359353447486e-65
1.617617617617617753e+01 2.241235874071663473e-65 1.958554936284225124e-65
1.619619619619619755e+01 9.598043590671196146e-66 8.387468659882411894e-66
1.621621621621621756e+01 4.099075764556689474e-66 3.582070573540549633e-66
1.623623623623623757e+01 1.745811090666450252e-66 1.525616722898837760e-66
1.625625625625625759e+01 7.415093397107483089e-67 6.479847990979042791e-67
1.627627627627627760e+01 3.140827450436329372e-67 2.744683492814901215e-67
1.629629629629629761e+01 1.326721005609698897e-67 1.159385321585193278e-67
1.631631631631631763e+01 5.588859700726140980e-68 4.883952145193602874e-68
1.633633633633633764e+01 2.347874530432019943e-68 2.051743551204019915e-68
1.635635635635635765e+01 9.836365020966991663e-69 8.595731261390824581e-69
1.637637637637637766e+01 4.109627546464708919e-69 3.591291488117917064e-69
1.639639639639639768e+01 1.712294121535905532e-69 1.496327157217981005e-69
1.641641641641641769e+01 7.114794203718219942e-70 6.217424711761128821e-70
1.643643643643643770e+01 2.948182706570145514e-70 2.576336502472080986e-70
1.645645645645645772e+01 1.218300776775300271e-70 1.064639839044390870e-70
1.647647647647647773e+01 5.020682090979407897e-71 4.387437220044741352e-71
1.649649649649649774e+01 2.063378967441885344e-71 1.803130633799204090e-71
1.651651651651651775e+01 8.456747250030327239e-72 7.390120898504475210e-72
1.653653653653653777e+01 3.456493760913277593e-72 3.020535676762000977e-72
1.655655655655655778e+01 1.408887378975105130e-72 1.231188275488046703e-72
1.657657657657657779e+01 5.726969299017305983e-73 5.004642358397259590e-73
1.659659659659659781e+01 2.321568520000016549e-73 2.028755445765592630e-73
1.661661661661661782e+01 9.385258356489655273e-74 8.201521444064588278e-74
1.663663663663663783e+01 3.783720373162095091e-74 3.306490093304145095e-74
1.665665665665665784e+01 1.521247611733957437e-74 1.329376820057478234e-74
1.667667667667667786e+01 6.099424506616718373e-75 5.330120811525602997e-75
1.669669669669669787e+01 2.438854470648850295e-75 2.131248440928455674e-75
1.671671671671671788e+01 9.725030834921294977e-76 8.498439351074913358e-76
1.673673673673673790e+01 3.867267048870700937e-76 3.379499255798925085e-76
1.675675675675675791e+01 1.533647013938666767e-76 1.340212319647661258e-76
1.677677677677677792e+01 6.065334248137487895e-77 5.300330263910280020e-77
1.679679679679679793e+01 2.392170549774679574e-77 2.090452635038064335e-77
1.681681681681681795e+01 9.408873181089540356e-78 8.222157795563622883e-78
1.683683683683683796e+01 3.690550608858127800e-78 3.225071576002588790e-78
1.685685685685685797e+01 1.443619668710264431e-78 1.261539876716733337e-78
1.687687687687687799e+01 5.631479282246551590e-79 4.921196235712966361e-79
1.689689689689689800e+01 2.190787558272801918e-79 1.914469528283154635e-79
1.691691691691691801e+01 8.499357871903020629e-80 7.427357159431930684e-80
1.693693693693693803e+01 3.288365180290642050e-80 2.873612693189235345e-80
1.695695695695695804e+01 1.268767486428824522e-80 1.108741320933651519e-80
1.697697697697697805e+01 4.881936381939012829e-81 4.266191126997137217e-81
1.699699699699699806e+01 1.873312648517171358e-81 1.637036858727198104e-81
1.701701701701701808e+01 7.168635360962390588e-82 6.264475031415459543e-82
1.703703703703703809e+01 2.735714610210251268e-82 2.390666424751703226e-82
1.705705705705705810e+01 1.041149666546313342e-82 9.098323127946484703e-83
1.707707707707707812e+01 3.951514808810988779e-83 3.453121076692848049e-83
1.709709709709709813e+01 1.495623010554758215e-83 1.306984179590475610e-83
1.711711711711711814e+01 5.645322249486738477e-84 4.933293227437372917e-84
1.713713713713713815e+01 2.125021908478937829e-84 1.856998719640550389e-84
1.715715715715715817e+01 7.977120659058944905e-85 6.970988294842545468e-85
1.717717717717717818e+01 2.986324417132802888e-85 2.609667503624183496e-85
1.719719719719719819e+01 1.114899919917503251e-85 9.742806488503908980e-86
1.721721721721721821e+01 4.150905614262164302e-86 3.627363266363242896e-86
1.723723723723723822e+01 1.541196120574696472e-86 1.346809278155054528e-86
1.725725725725725823e+01 5.706647289979046230e-87 4.986883508658348316e-87
1.727727727727727824e+01 2.107231403117384518e-87 1.841452081958207390e-87
1.729729729729729826e+01 7.759817429799108236e-88 6.781092926282267895e-88
1.731731731731731827e+01 2.849698095020691617e-88 2.490273485040632094e-88
1.733733733733733828e+01 1.043648553764814137e-88 9.120160222174862566e-89
1.735735735735735830e+01 3.811691766991031111e-89 3.330933531896303501e-89
1.737737737737737831e+01 1.388319256429811733e-89 1.213214353864170540e-89
1.739739739739739832e+01 5.042768087979982921e-90 4.406737570779200437e-90
1.741741741741741833e+01 1.826655795436825950e-90 1.596264706643986916e-90
1.743743743743743835e+01 6.598610857295815665e-91 5.766346156014709407e-91
1.745745745745745836e+01 2.377148924374227307e-91 2.077325646076558807e-91
1.747747747747747837e+01 8.540205841152902437e-92 7.463053086280628460e-92
1.749749749749749839e+01 3.059767035346154690e-92 2.673847005701347910e-92
1.751751751751751840e+01 1.093242380892618246e-92 9.553547158615097133e-93
1.753753753753753841e+01 3.895405132465707225e-93 3.404088360033839623e-93
1.755755755755755843e+01 1.384193737041589179e-93 1.209609174928737668e-93
1.757757757757757844e+01 4.905115098697175315e-94 4.286446375741197489e-94
1.759759759759759845e+01 1.733443138326707898e-94 1.514808706488354429e-94
1.761761761761761846e+01 6.109111795664101642e-95 5.338586269357355612e-95
1.763763763763763848e+01 2.147111609488248561e-95 1.876302307207275611e-95
1.765765765765765849e+01 7.525567276498888445e-96 6.576388102760952525e-96
1.767767767767767850e+01 2.630461440289435492e-96 2.298688548664313765e-96
1.769769769769769852e+01 9.169226737598940444e-97 8.012737301142935172e-97
1.771771771771771853e+01 3.187436630558547762e-97 2.785413984799527001e-97
1.773773773773773854e+01 1.104990340136964134e-97 9.656209372063783687e-98
1.775775775775775855e+01 3.820176937873732677e-98 3.338348491432596630e-98
1.777777777777777857e+01 1.317093329995317634e-98 1.150971958307532811e-98
1.779779779779779858e+01 4.528534673035306256e-99 3.957363006997795015e-99
1.781781781781781859e+01 1.552769239710187289e-99 1.356922711494778178e-99
1.783783783783783861e+01 5.309629479177482579e-100 4.639940466146039077e-100
1.785785785785785862e+01 1.810629481702688840e-100 1.582259747934571677e-100
1.787787787787787863e+01 6.157480343546572341e-101 5.380854224868888320e-101
1.789789789789789864e+01 2.088259932042254795e-101 1.824873430530829648e-101
1.791791791791791866e+01 7.062755176164775256e-102 6.171949224119094410e-102
1.793793793793793867e+01 2.382164912253329584e-102 2.081708981152804172e-102
1.795795795795795868e+01 8.012675774760686599e-103 7.002058941253936004e-103
1.797797797797797870e+01 2.687765598795402899e-103 2.348765090723040359e-103
1.799799799799799871e+01 8.991109507209095956e-104 7.857085508820182033e-104
1.801801801801801872e+01 2.999461268047720458e-104 2.621147439540031599e-104
1.803803803803803874e+01 9.978868607992541690e-105 8.720261261573294725e-105
1.805805805805805875e+01 3.310757909330086025e-105 2.893181088691223364e-105
1.807807807807807876e+01 1.095422409240867968e-105 9.572597832094401990e-106
1.809809809809809877e+01 3.614463903312903764e-106 3.158581478081534985e-106
1.811811811811811879e+01 1.189362490027513493e-106 1.039351459087077186e-106
1.813813813813813880e+01 3.902947040283027245e-107 3.410679027689795362e-107
1.815815815815815881e+01 1.277259536272789146e-107 1.116162291806678179e-107
1.817817817817817883e+01 4.168441628912474840e-108 3.642687511550217632e-108
1.819819819819819884e+01 1.356676710925146666e-108 1.185562795894873891e-108
1.821821821821821885e+01 4.403389375495940747e-109 3.848001942825998707e-109
1.823823823823823886e+01 1.425298688484298355e-109 1.245529671510646183e-109
1.825825825825825888e+01 4.600793655939637914e-110 4.020508162443236687e-110
1.827827827827827889e+01 1.481043112733103093e-110 1.294243204318986235e-110
1.829829829829829890e+01 4.754564254725429151e-111 4.154884097074408935e-111
1.831831831831831892e+01 1.522165295241039580e-111 1.330178758659093246e-111
1.833833833833833893e+01 4.859828973720023401e-112 4.246872065582556055e-112
1.835835835835835894e+01 1.547348829657166826e-112 1.352185962904929275e-112
1.837837837837837895e+01 4.913189901868808486e-113 4.293502726121041763e-113
1.839839839839839897e+01 1.555775561792076627e-113 1.359549854412514733e-113
1.841841841841841898e+01 4.912905549701096854e-114 4.293254238512861638e-114
1.843843843843843899e+01 1.547169728392995486e-114 1.352029451192308611e-114
1.845845845845845901e+01 4.858985230885015358e-115 4.246134741718710591e-115
1.847847847847847902e+01 1.521812942951972666e-115 1.329870847598483125e-115
1.849849849849849903e+01 4.753188555641636728e-116 4.153681911145398389e-116
1.851851851851851904e+01 1.480528892564057214e-116 1.293793841330434536e-116
1.853853853853853906e+01 4.598930074466564108e-117 4.018879629393466957e-117
1.855855855855855907e+01 1.424638905829441342e-117 1.244953105433646174e-117
1.857857857857857908e+01 4.401096280458731329e-118 3.845998069580682151e-118
1.859859859859859910e+01 1.355891735143399570e-118 1.184876826956936441e-118
1.861861861861861911e+01 4.165788650408143321e-119 3.640369145953081328e-119
1.863863863863863912e+01 1.276372757772693489e-119 1.115387360248226277e-119
1.865865865865865914e+01 3.900011566544340733e-120 3.408113797207921709e-120
1.867867867867867915e+01 1.188399167101784766e-120 1.038509637441596356e-120
1.869869869869869916e+01 3.611327353366826721e-121 3.155840532583178718e-121
1.871871871871871917e+01 1.094408483626817517e-121 9.563737412540185302e-122
1.873873873873873919e+01 3.307502030218617917e-122 2.890335864688037413e-122
1.875875875875875920e+01 9.968478186421493902e-123 8.711181355395869279e-123
1.877877877877877921e+01 2.996164687794701773e-123 2.618266647918720578e-123
1.879879879879879923e+01 8.980707970383297847e-124 7.847995889324622818e-124
1.881881881881881924e+01 2.684500830618326603e-124 2.345912098807726957e-124
1.883883883883883925e+01 8.002479785996552576e-125 6.993148944606410573e-125
1.885885885885885926e+01 2.378995956378773039e-125 2.078939716996906284e-125
1.887887887887887928e+01 7.052951490877227346e-126 6.163382050785917947e-126
1.889889889889889929e+01 2.085240564605262247e-126 1.822234887632872821e-126
1.891891891891891930e+01 6.148221532522748714e-127 5.372763202302000219e-127
1.893893893893893932e+01 1.807802261568453580e-127 1.579789117326732504e-127
1.895895895895895933e+01 5.301031904513817136e-128 4.632427280009586732e-128
1.897897897897897934e+01 1.550165209240984844e-128 1.354647120251262400e-128
1.899899899899899935e+01 4.520678563459724741e-129 3.950497766990150246e-129
1.901901901901901937e+01 1.314732339382335997e-129 1.148908752969321235e-129
1.903903903903903938e+01 3.813108280866139877e-130 3.332171384758871267e-130
1.905905905905905939e+01 1.102881890122428668e-130 9.637784202131201459e-131
1.907907907907907941e+01 3.181170509213218469e-131 2.779938192164655467e-131
1.909909909909909942e+01 9.150671500106044432e-132 7.996522384896919674e-132
1.911911911911911943e+01 2.624986395983186276e-132 2.293904056689848371e-132
1.913913913913913944e+01 7.509468917776958306e-133 6.562320185900586583e-133
1.915915915915915946e+01 2.142394605021419765e-133 1.872180245584998153e-133
1.917917917917917947e+01 6.095337855649867738e-134 5.326549598644088943e-134
1.919919919919919948e+01 1.729434724643118013e-134 1.511305863036004104e-134
1.921921921921921950e+01 4.893489282811216108e-135 4.276286892147705814e-135
1.923923923923923951e+01 1.380833081589771807e-135 1.206672389737828910e-135
1.925925925925925952e+01 3.885722658367369180e-136 3.395627109854806314e-136
1.927927927927927954e+01 1.090461887743167430e-136 9.529249186919383454e-137
1.929929929929929955e+01 3.051808356018765511e-137 2.666892132783557569e-137
1.931931931931931956e+01 8.517499155954681785e-138 7.443210333049647577e-138
1.933933933933933957e+01 2.370691352405190411e-138 2.071682549960400618e-138
1.935935935935935959e+01 6.580304741747568320e-139 5.750348940645282402e-139
1.937937937937937960e+01 1.821482793013796059e-139 1.591744160837878160e-139
1.939939939939939961e+01 5.028196183321577686e-140 4.394003580515187806e-140
1.941941941941941963e+01 1.384227363297005211e-140 1.209638559996724368e-140
1.943943943943943964e+01 3.800237341400119881e-141 3.320923821609708899e-141
1.945945945945945965e+01 1.040452090031156555e-141 9.092227196933591310e-142
1.947947947947947966e+01 2.840805680754766875e-142 2.482502646612826901e-142
1.949949949949949968e+01 7.735155406337222408e-143 6.759541456243426003e-143
1.951951951951951969e+01 2.100412693289701520e-143 1.835493397311670706e-143
1.953953953953953970e+01 5.687852162390047005e-144 4.970458958996535712e-144
1.955955955955955972e+01 1.536031210893219076e-144 1.342295804375187513e-144
1.957957957957957973e+01 4.136755526290835472e-145 3.614997890203724277e-145
1.959959959959959974e+01 1.111035014733419762e-145 9.709032135638473819e-146
1.961961961961961975e+01 2.975799808161829008e-146 2.600470334735790210e-146
1.963963963963963977e+01 7.948547093379975524e-147 6.946018634685304397e-147
1.965965965965965978e+01 2.117287662331801173e-147 1.850239972761136516e-147
1.967967967967967979e+01 5.624449955663387735e-148 4.915053498825037326e-148
1.969969969969969981e+01 1.490007045417867737e-148 1.302076540743487741e-148
1.971971971971971982e+01 3.936449296741990703e-149 3.439955736368011714e-149
1.973973973973973983e+01 1.037120161020998556e-149 9.063110377567596109e-150
1.975975975975975985e+01 2.724969003744843552e-150 2.381276132177117241e-150
1.977977977977977986e+01 7.140064439306803921e-151 6.239507681798178757e-151
1.979979979979979987e+01 1.865738489557011349e-151 1.630418007676651108e-151
1.981981981981981988e+01 4.861916384612210182e-152 4.248696197060301515e-152
1.983983983983983990e+01 1.263491355928830521e-152 1.104130654312261963e-152
1.985985985985985991e+01 3.274501091420110532e-153 2.861497243847827374e-153
1.987987987987987992e+01 8.463033868364618543e-154 7.395614602899271415e-154
1.989989989989989994e+01 2.181298462190798461e-154 1.906177265881285919e-154
1.991991991991991995e+01 5.606762789812702707e-155 4.899597166724300186e-155
1.993993993993993996e+01 1.437200456792011617e-155 1.255930302403295133e-155
1.995995995995995997e+01 3.673927532219075336e-156 3.210545122457786343e-156
1.997997997997997999e+01 9.365951394873670420e-157 8.184649616598726319e-157
2.000000000000000000e+01 2.381120031447279613e-157 2.080795888298904714e-157
