0.1859946185937076	nan
0.18255628544339134	nan
0.17928055666823547	nan
0.17626470958288404	nan
0.17334303680540042	nan
0.1705703920610186	nan
0.16804147734722494	nan
0.16572126757665165	nan
0.16316301337885553	nan
0.16135256088343963	nan
0.15977812391000712	nan
0.15842789803177232	nan
0.1573496706853037	nan
0.15652590496749513	nan
0.15595386783119194	nan
0.1556540037861109	nan
0.1556540037861109	nan
0.15595386783119194	nan
0.15652590496749513	nan
0.1573496706853037	nan
0.15842789803177232	nan
0.15977812391000712	nan
0.16135256088343963	nan
0.16316301337885553	nan
0.16572126757665165	nan
0.16804147734722494	nan
0.1705703920610186	nan
0.17334303680540042	nan
0.17626470958288404	nan
0.17928055666823547	nan
0.18255628544339134	nan
0.1859946185937076	nan
0.18073818584096735	nan
0.17714017241585117	nan
0.1737623702874155	nan
0.17064527873185914	nan
0.16762568931417957	nan
0.16479943020243842	nan
0.16213729187997852	nan
0.15973134268623554	nan
0.15707148762430106	nan
0.15518998741312687	nan
0.15355237598241184	nan
0.15214690980893442	nan
0.15102384631049462	nan
0.15016538288012884	nan
0.14956902146217066	nan
0.14925633046637923	nan
0.14925633046637923	nan
0.14956902146217066	nan
0.15016538288012884	nan
0.15102384631049462	nan
0.15214690980893442	nan
0.15355237598241184	nan
0.15518998741312687	nan
0.15707148762430106	nan
0.15973134268623554	nan
0.16213729187997852	nan
0.16479943020243842	nan
0.16762568931417957	nan
0.17064527873185914	nan
0.1737623702874155	nan
0.17714017241585117	nan
0.18073818584096735	nan
0.17549943196939724	nan
0.17184751906320309	nan
0.16830662532532087	nan
0.16508267604899549	nan
0.16195941002633202	nan
0.1590324840184296	nan
0.15631292464728255	nan
0.15377444720879768	nan
0.1510380110440539	nan
0.1490474117481978	nan
0.1473415451439081	nan
0.14587625207674607	nan
0.14470452968019432	nan
0.14380834805770504	nan
0.14318551231427573	nan
0.14285884970781246	nan
0.14285884970781246	nan
0.14318551231427573	nan
0.14380834805770504	nan
0.14470452968019432	nan
0.14587625207674607	nan
0.1473415451439081	nan
0.1490474117481978	nan
0.1510380110440539	nan
0.15377444720879768	nan
0.15631292464728255	nan
0.1590324840184296	nan
0.16195941002633202	nan
0.16508267604899549	nan
0.16830662532532087	nan
0.17184751906320309	nan
0.17549943196939724	nan
0.17034004087479718	nan
0.16657505429032415	nan
0.16297450516944254	nan
0.15958285876832362	nan
0.15634976615668691	nan
0.15331578475240312	nan
0.15049295429673834	nan
0.1479855389008997	nan
0.14500206770540736	nan
0.14292742846471632	nan
0.14114761699757492	nan
0.1396387115682237	nan
0.1383926290257759	nan
0.13745530120655888	nan
0.13680354452791563	nan
0.1364616055839119	nan
0.1364616055839119	nan
0.13680354452791563	nan
0.13745530120655888	nan
0.1383926290257759	nan
0.1396387115682237	nan
0.14114761699757492	nan
0.14292742846471632	nan
0.14500206770540736	nan
0.1479855389008997	nan
0.15049295429673834	nan
0.15331578475240312	nan
0.15634976615668691	nan
0.15958285876832362	nan
0.16297450516944254	nan
0.16657505429032415	nan
0.17034004087479718	nan
0.165267457172805	nan
0.16138417390488385	nan
0.1577474525314812	nan
0.15420641386693415	nan
0.15085389826350834	nan
0.1476551686821961	nan
0.1447219688826916	nan
0.14210826395969703	nan
0.13899869999641282	nan
0.1368330689905983	nan
0.13497291856496002	nan
0.1333941855190203	nan
0.13208920747175093	nan
0.13110682206367089	nan
0.1304233443722811	nan
0.1300646330113931	nan
0.1300646330113931	nan
0.1304233443722811	nan
0.13110682206367089	nan
0.13208920747175093	nan
0.1333941855190203	nan
0.13497291856496002	nan
0.1368330689905983	nan
0.13899869999641282	nan
0.14210826395969703	nan
0.1447219688826916	nan
0.1476551686821961	nan
0.15085389826350834	nan
0.15420641386693415	nan
0.1577474525314812	nan
0.16138417390488385	nan
0.165267457172805	nan
0.16028989774647473	nan
0.15628298213872227	nan
0.15252048946924232	nan
0.14885516116502484	nan
0.14537929546211958	nan
0.14210678716205616	nan
0.13900607614434735	nan
0.13627809652479395	nan
0.13303232504724144	nan
0.1308006109354643	nan
0.12882022221967115	nan
0.12716512744091807	nan
0.12579554696926834	nan
0.12476361528273053	nan
0.12404519202303957	nan
0.1236679815763583	nan
0.1236679815763583	nan
0.12404519202303957	nan
0.12476361528273053	nan
0.12579554696926834	nan
0.12716512744091807	nan
0.12882022221967115	nan
0.1308006109354643	nan
0.13303232504724144	nan
0.13627809652479395	nan
0.13900607614434735	nan
0.14210678716205616	nan
0.14537929546211958	nan
0.14885516116502484	nan
0.15252048946924232	nan
0.15628298213872227	nan
0.16028989774647473	nan
0.15548234357434332	nan
0.1513439785831355	nan
0.14738609346921835	nan
0.14358976232881449	nan
0.1399832146696245	nan
0.13658147677376256	nan
0.13344017551730827	nan
0.13050134256634205	nan
0.12710814421850242	nan
0.12477051190200114	nan
0.12269282974942816	nan
0.1209539187304886	nan
0.11951318109938375	nan
0.11842651948619402	nan
0.11767837728146933	nan
0.11727169516284482	nan
0.11727169516284482	nan
0.11767837728146933	nan
0.11842651948619402	nan
0.11951318109938375	nan
0.1209539187304886	nan
0.12269282974942816	nan
0.12477051190200114	nan
0.12710814421850242	nan
0.13050134256634205	nan
0.13344017551730827	nan
0.13658147677376256	nan
0.1399832146696245	nan
0.14358976232881449	nan
0.14738609346921835	nan
0.1513439785831355	nan
0.15548234357434332	nan
0.15072531286067326	nan
0.14645258832451638	nan
0.1423394530487708	nan
0.1384200092063332	nan
0.13467508861061914	nan
0.13113572701875634	nan
0.12790562825348906	nan
0.1247854137797377	nan
0.12123233647519212	nan
0.1187791215696176	nan
0.11659472351905448	nan
0.1147634503525588	nan
0.1132646879170454	nan
0.11209656372153647	nan
0.1113058828641255	nan
0.11087582949827159	nan
0.11087582949827159	nan
0.1113058828641255	nan
0.11209656372153647	nan
0.1132646879170454	nan
0.1147634503525588	nan
0.11659472351905448	nan
0.1187791215696176	nan
0.12123233647519212	nan
0.1247854137797377	nan
0.12790562825348906	nan
0.13113572701875634	nan
0.13467508861061914	nan
0.1384200092063332	nan
0.1423394530487708	nan
0.14645258832451638	nan
0.15072531286067326	nan
0.1859946185937076	nan
0.18073818584096735	nan
0.17549943196939724	nan
0.17034004087479718	nan
0.165267457172805	nan
0.16028989774647473	nan
0.15548234357434332	nan
0.15072531286067326	nan
0.1449568888788368	nan
0.1404359283692496	nan
0.13614113722239124	nan
0.13201700592880042	nan
0.12802007700598247	nan
0.12429134935737622	nan
0.12078683698512277	nan
0.11747769891401191	nan
0.11378664246897816	nan
0.11116924178017436	nan
0.10886560647333977	nan
0.1068680033216355	nan
0.10525687685882834	nan
0.10399884708642375	nan
0.10314611072304808	nan
0.10268188819874056	nan
0.10268188819874056	nan
0.10314611072304808	nan
0.10399884708642375	nan
0.10525687685882834	nan
0.1068680033216355	nan
0.10886560647333977	nan
0.11116924178017436	nan
0.11378664246897816	nan
0.11747769891401191	nan
0.12078683698512277	nan
0.12429134935737622	nan
0.12802007700598247	nan
0.13201700592880042	nan
0.13614113722239124	nan
0.1404359283692496	nan
0.1449568888788368	nan
0.15072531286067326	nan
0.15548234357434332	nan
0.16028989774647473	nan
0.165267457172805	nan
0.17034004087479718	nan
0.17549943196939724	nan
0.18073818584096735	nan
0.1859946185937076	nan
0.18255628544339134	nan
0.17714017241585117	nan
0.17184751906320309	nan
0.16657505429032415	nan
0.16138417390488385	nan
0.15628298213872227	nan
0.1513439785831355	nan
0.14645258832451638	nan
0.1404359283692496	nan
0.13590592691810718	nan
0.13139014389681286	nan
0.12711196058366875	nan
0.12301809235245723	nan
0.11906846851327423	nan
0.11540546199331231	nan
0.11193735038471503	nan
0.108096851875947	nan
0.10529140293738691	nan
0.10285620782117326	nan
0.10073951234990867	nan
0.0990287298748139	nan
0.0976905287622585	nan
0.09678222652861215	nan
0.0962873271962773	nan
0.0962873271962773	nan
0.09678222652861215	nan
0.0976905287622585	nan
0.0990287298748139	nan
0.10073951234990867	nan
0.10285620782117326	nan
0.10529140293738691	nan
0.108096851875947	nan
0.11193735038471503	nan
0.11540546199331231	nan
0.11906846851327423	nan
0.12301809235245723	nan
0.12711196058366875	nan
0.13139014389681286	nan
0.13590592691810718	nan
0.1404359283692496	nan
0.14645258832451638	nan
0.1513439785831355	nan
0.15628298213872227	nan
0.16138417390488385	nan
0.16657505429032415	nan
0.17184751906320309	nan
0.17714017241585117	nan
0.18255628544339134	nan
0.17928055666823547	nan
0.1737623702874155	nan
0.16830662532532087	nan
0.16297450516944254	nan
0.1577474525314812	nan
0.15252048946924232	nan
0.14738609346921835	nan
0.1423394530487708	nan
0.13614113722239124	nan
0.13139014389681286	nan
0.12671353067048716	nan
0.12227182613005931	nan
0.11808611387812415	nan
0.11396569413159464	nan
0.11013310084933349	nan
0.1065473596598663	nan
0.10235516468447978	nan
0.09938777532785266	nan
0.09680418296462676	nan
0.09455210045574848	nan
0.09272723274591671	nan
0.09129671276637623	nan
0.09032413699522486	nan
0.0897936508373477	nan
0.0897936508373477	nan
0.09032413699522486	nan
0.09129671276637623	nan
0.09272723274591671	nan
0.09455210045574848	nan
0.09680418296462676	nan
0.09938777532785266	nan
0.10235516468447978	nan
0.1065473596598663	nan
0.11013310084933349	nan
0.11396569413159464	nan
0.11808611387812415	nan
0.12227182613005931	nan
0.12671353067048716	nan
0.13139014389681286	nan
0.13614113722239124	nan
0.1423394530487708	nan
0.14738609346921835	nan
0.15252048946924232	nan
0.1577474525314812	nan
0.16297450516944254	nan
0.16830662532532087	nan
0.1737623702874155	nan
0.17928055666823547	nan
0.17626470958288404	nan
0.17064527873185914	nan
0.16508267604899549	nan
0.15958285876832362	nan
0.15420641386693415	nan
0.14885516116502484	nan
0.14358976232881449	nan
0.1384200092063332	nan
0.13201700592880042	nan
0.12711196058366875	nan
0.12227182613005931	nan
0.11766256870975755	nan
0.11322756112357078	nan
0.10892350410288332	nan
0.10498619191067565	nan
0.10121828115367629	nan
0.09679555943741806	nan
0.09365217815852163	nan
0.09090572274980652	nan
0.08850367387747081	nan
0.08655137365710129	nan
0.08501700036558547	nan
0.08397172329509445	nan
0.08340084124225168	nan
0.08340084124225168	nan
0.08397172329509445	nan
0.08501700036558547	nan
0.08655137365710129	nan
0.08850367387747081	nan
0.09090572274980652	nan
0.09365217815852163	nan
0.09679555943741806	nan
0.10121828115367629	nan
0.10498619191067565	nan
0.10892350410288332	nan
0.11322756112357078	nan
0.11766256870975755	nan
0.12227182613005931	nan
0.12711196058366875	nan
0.13201700592880042	nan
0.1384200092063332	nan
0.14358976232881449	nan
0.14885516116502484	nan
0.15420641386693415	nan
0.15958285876832362	nan
0.16508267604899549	nan
0.17064527873185914	nan
0.17626470958288404	nan
0.17334303680540042	nan
0.16762568931417957	nan
0.16195941002633202	nan
0.15634976615668691	nan
0.15085389826350834	nan
0.14537929546211958	nan
0.1399832146696245	nan
0.13467508861061914	nan
0.12802007700598247	nan
0.12301809235245723	nan
0.11808611387812415	nan
0.11322756112357078	nan
0.10861160674902796	nan
0.10418445424626369	nan
0.0999072106129365	nan
0.09594003689939408	nan
0.09126187904790899	nan
0.08792087757971886	nan
0.08507978481634577	nan
0.08250830046450308	nan
0.08041056919125854	nan
0.07875664865198984	nan
0.07762711941634133	nan
0.07700921812125013	nan
0.07700921812125013	nan
0.07762711941634133	nan
0.07875664865198984	nan
0.08041056919125854	nan
0.08250830046450308	nan
0.08507978481634577	nan
0.08792087757971886	nan
0.09126187904790899	nan
0.09594003689939408	nan
0.0999072106129365	nan
0.10418445424626369	nan
0.10861160674902796	nan
0.11322756112357078	nan
0.11808611387812415	nan
0.12301809235245723	nan
0.12802007700598247	nan
0.13467508861061914	nan
0.1399832146696245	nan
0.14537929546211958	nan
0.15085389826350834	nan
0.15634976615668691	nan
0.16195941002633202	nan
0.16762568931417957	nan
0.17334303680540042	nan
0.1705703920610186	nan
0.16479943020243842	nan
0.1590324840184296	nan
0.15331578475240312	nan
0.1476551686821961	nan
0.14210678716205616	nan
0.13658147677376256	nan
0.13113572701875634	nan
0.12429134935737622	nan
0.11906846851327423	nan
0.11396569413159464	nan
0.10892350410288332	nan
0.10418445424626369	nan
0.09956063425158623	nan
0.09507560211980762	nan
0.09089780011773338	nan
0.08594562207199087	nan
0.08238932030532978	nan
0.0792535176203772	nan
0.07648640347374465	nan
0.0742186628043777	nan
0.07242347670265983	nan
0.07119353860910874	nan
0.07051928776195927	nan
0.07051928776195927	nan
0.07119353860910874	nan
0.07242347670265983	nan
0.0742186628043777	nan
0.07648640347374465	nan
0.0792535176203772	nan
0.08238932030532978	nan
0.08594562207199087	nan
0.09089780011773338	nan
0.09507560211980762	nan
0.09956063425158623	nan
0.10418445424626369	nan
0.10892350410288332	nan
0.11396569413159464	nan
0.11906846851327423	nan
0.12429134935737622	nan
0.13113572701875634	nan
0.13658147677376256	nan
0.14210678716205616	nan
0.1476551686821961	nan
0.15331578475240312	nan
0.1590324840184296	nan
0.16479943020243842	nan
0.1705703920610186	nan
0.16804147734722494	nan
0.16213729187997852	nan
0.15631292464728255	nan
0.15049295429673834	nan
0.1447219688826916	nan
0.13900607614434735	nan
0.13344017551730827	nan
0.12790562825348906	nan
0.12078683698512277	nan
0.11540546199331231	nan
0.11013310084933349	nan
0.10498619191067565	nan
0.0999072106129365	nan
0.09507560211980762	nan
0.09050967229085663	nan
0.08603633249420549	nan
0.0807866969008608	nan
0.07699247069151822	nan
0.07362717228043943	nan
0.07064000537343217	nan
0.06817807823105594	nan
0.06621933569970918	nan
0.06487187666852813	nan
0.06413119669290514	nan
0.06413119669290514	nan
0.06487187666852813	nan
0.06621933569970918	nan
0.06817807823105594	nan
0.07064000537343217	nan
0.07362717228043943	nan
0.07699247069151822	nan
0.0807866969008608	nan
0.08603633249420549	nan
0.09050967229085663	nan
0.09507560211980762	nan
0.0999072106129365	nan
0.10498619191067565	nan
0.11013310084933349	nan
0.11540546199331231	nan
0.12078683698512277	nan
0.12790562825348906	nan
0.13344017551730827	nan
0.13900607614434735	nan
0.1447219688826916	nan
0.15049295429673834	nan
0.15631292464728255	nan
0.16213729187997852	nan
0.16804147734722494	nan
0.16572126757665165	nan
0.15973134268623554	nan
0.15377444720879768	nan
0.1479855389008997	nan
0.14210826395969703	nan
0.13627809652479395	nan
0.13050134256634205	nan
0.1247854137797377	nan
0.11747769891401191	nan
0.11193735038471503	nan
0.1065473596598663	nan
0.10121828115367629	nan
0.09594003689939408	nan
0.09089780011773338	nan
0.08603633249420549	nan
0.08131728131159266	nan
0.07574127096244669	nan
0.07168047345016292	nan
0.06805299573765086	nan
0.06480941359103431	nan
0.062116826079052063	nan
0.059960404863259535	nan
0.058567225300627315	nan
0.057745734787790194	nan
0.057745734787790194	nan
0.058567225300627315	nan
0.059960404863259535	nan
0.062116826079052063	nan
0.06480941359103431	nan
0.06805299573765086	nan
0.07168047345016292	nan
0.07574127096244669	nan
0.08131728131159266	nan
0.08603633249420549	nan
0.09089780011773338	nan
0.09594003689939408	nan
0.10121828115367629	nan
0.1065473596598663	nan
0.11193735038471503	nan
0.11747769891401191	nan
0.1247854137797377	nan
0.13050134256634205	nan
0.13627809652479395	nan
0.14210826395969703	nan
0.1479855389008997	nan
0.15377444720879768	nan
0.15973134268623554	nan
0.16572126757665165	nan
0.16316301337885553	nan
0.15707148762430106	nan
0.1510380110440539	nan
0.14500206770540736	nan
0.13899869999641282	nan
0.13303232504724144	nan
0.12710814421850242	nan
0.12123233647519212	nan
0.11378664246897816	nan
0.108096851875947	nan
0.10235516468447978	nan
0.09679555943741806	nan
0.09126187904790899	nan
0.08594562207199087	nan
0.0807866969008608	nan
0.07574127096244669	nan
0.06972072872614603	nan
0.06535212304973355	nan
0.0612817274231626	nan
0.057658477062022866	nan
0.05461446666619821	nan
0.0521487299793971	nan
0.05042667945096142	nan
0.04947019311886075	nan
0.04947019311886075	nan
0.05042667945096142	nan
0.0521487299793971	nan
0.05461446666619821	nan
0.057658477062022866	nan
0.0612817274231626	nan
0.06535212304973355	nan
0.06972072872614603	nan
0.07574127096244669	nan
0.0807866969008608	nan
0.08594562207199087	nan
0.09126187904790899	nan
0.09679555943741806	nan
0.10235516468447978	nan
0.108096851875947	nan
0.11378664246897816	nan
0.12123233647519212	nan
0.12710814421850242	nan
0.13303232504724144	nan
0.13899869999641282	nan
0.14500206770540736	nan
0.1510380110440539	nan
0.15707148762430106	nan
0.16316301337885553	nan
0.16135256088343963	nan
0.15518998741312687	nan
0.1490474117481978	nan
0.14292742846471632	nan
0.1368330689905983	nan
0.1308006109354643	nan
0.12477051190200114	nan
0.1187791215696176	nan
0.11116924178017436	nan
0.10529140293738691	nan
0.09938777532785266	nan
0.09365217815852163	nan
0.08792087757971886	nan
0.08238932030532978	nan
0.07699247069151822	nan
0.07168047345016292	nan
0.06535212304973355	nan
0.06066976149706036	nan
0.05626162181247063	nan
0.052291681461916	nan
0.048914823338492674	nan
0.0461455307854048	nan
0.044190156974745945	nan
0.04309547517106697	nan
0.04309547517106697	nan
0.044190156974745945	nan
0.0461455307854048	nan
0.048914823338492674	nan
0.052291681461916	nan
0.05626162181247063	nan
0.06066976149706036	nan
0.06535212304973355	nan
0.07168047345016292	nan
0.07699247069151822	nan
0.08238932030532978	nan
0.08792087757971886	nan
0.09365217815852163	nan
0.09938777532785266	nan
0.10529140293738691	nan
0.11116924178017436	nan
0.1187791215696176	nan
0.12477051190200114	nan
0.1308006109354643	nan
0.1368330689905983	nan
0.14292742846471632	nan
0.1490474117481978	nan
0.15518998741312687	nan
0.16135256088343963	nan
0.15977812391000712	nan
0.15355237598241184	nan
0.1473415451439081	nan
0.14114761699757492	nan
0.13497291856496002	nan
0.12882022221967115	nan
0.12269282974942816	nan
0.11659472351905448	nan
0.10886560647333977	nan
0.10285620782117326	nan
0.09680418296462676	nan
0.09090572274980652	nan
0.08507978481634577	nan
0.0792535176203772	nan
0.07362717228043943	nan
0.06805299573765086	nan
0.0612817274231626	nan
0.05626162181247063	nan
0.051477375786152454	nan
0.04710594526143991	nan
0.043326782376438146	nan
0.04017412276983812	nan
0.03791200472557434	nan
0.03663018030366945	nan
0.03663018030366945	nan
0.03791200472557434	nan
0.04017412276983812	nan
0.043326782376438146	nan
0.04710594526143991	nan
0.051477375786152454	nan
0.05626162181247063	nan
0.0612817274231626	nan
0.06805299573765086	nan
0.07362717228043943	nan
0.0792535176203772	nan
0.08507978481634577	nan
0.09090572274980652	nan
0.09680418296462676	nan
0.10285620782117326	nan
0.10886560647333977	nan
0.11659472351905448	nan
0.12269282974942816	nan
0.12882022221967115	nan
0.13497291856496002	nan
0.14114761699757492	nan
0.1473415451439081	nan
0.15355237598241184	nan
0.15977812391000712	nan
0.15842789803177232	nan
0.15214690980893442	nan
0.14587625207674607	nan
0.1396387115682237	nan
0.1333941855190203	nan
0.12716512744091807	nan
0.1209539187304886	nan
0.1147634503525588	nan
0.1068680033216355	nan
0.10073951234990867	nan
0.09455210045574848	nan
0.08850367387747081	nan
0.08250830046450308	nan
0.07648640347374465	nan
0.07064000537343217	nan
0.06480941359103431	nan
0.057658477062022866	nan
0.052291681461916	nan
0.04710594526143991	nan
0.042284984806888484	nan
0.03802972432506248	nan
0.03439491243586824	nan
0.03181760445357976	nan
0.030278869858893696	nan
0.030278869858893696	nan
0.03181760445357976	nan
0.03439491243586824	nan
0.03802972432506248	nan
0.042284984806888484	nan
0.04710594526143991	nan
0.052291681461916	nan
0.057658477062022866	nan
0.06480941359103431	nan
0.07064000537343217	nan
0.07648640347374465	nan
0.08250830046450308	nan
0.08850367387747081	nan
0.09455210045574848	nan
0.10073951234990867	nan
0.1068680033216355	nan
0.1147634503525588	nan
0.1209539187304886	nan
0.12716512744091807	nan
0.1333941855190203	nan
0.1396387115682237	nan
0.14587625207674607	nan
0.15214690980893442	nan
0.15842789803177232	nan
0.1573496706853037	nan
0.15102384631049462	nan
0.14470452968019432	nan
0.1383926290257759	nan
0.13208920747175093	nan
0.12579554696926834	nan
0.11951318109938375	nan
0.1132646879170454	nan
0.10525687685882834	nan
0.0990287298748139	nan
0.09272723274591671	nan
0.08655137365710129	nan
0.08041056919125854	nan
0.0742186628043777	nan
0.06817807823105594	nan
0.062116826079052063	nan
0.05461446666619821	nan
0.048914823338492674	nan
0.043326782376438146	nan
0.03802972432506248	nan
0.033234017577802824	nan
0.02900430991408867	nan
0.025780030170239273	nan
0.023854977726793403	nan
0.023854977726793403	nan
0.025780030170239273	nan
0.02900430991408867	nan
0.033234017577802824	nan
0.03802972432506248	nan
0.043326782376438146	nan
0.048914823338492674	nan
0.05461446666619821	nan
0.062116826079052063	nan
0.06817807823105594	nan
0.0742186628043777	nan
0.08041056919125854	nan
0.08655137365710129	nan
0.09272723274591671	nan
0.0990287298748139	nan
0.10525687685882834	nan
0.1132646879170454	nan
0.11951318109938375	nan
0.12579554696926834	nan
0.13208920747175093	nan
0.1383926290257759	nan
0.14470452968019432	nan
0.15102384631049462	nan
0.1573496706853037	nan
0.15652590496749513	nan
0.15016538288012884	nan
0.14380834805770504	nan
0.13745530120655888	nan
0.13110682206367089	nan
0.12476361528273053	nan
0.11842651948619402	nan
0.11209656372153647	nan
0.10399884708642375	nan
0.0976905287622585	nan
0.09129671276637623	nan
0.08501700036558547	nan
0.07875664865198984	nan
0.07242347670265983	nan
0.06621933569970918	nan
0.059960404863259535	nan
0.0521487299793971	nan
0.0461455307854048	nan
0.04017412276983812	nan
0.03439491243586824	nan
0.02900430991408867	nan
0.02404163186689492	nan
0.02003397176820518	nan
0.017487424955567488	nan
0.017487424955567488	nan
0.02003397176820518	nan
0.02404163186689492	nan
0.02900430991408867	nan
0.03439491243586824	nan
0.04017412276983812	nan
0.0461455307854048	nan
0.0521487299793971	nan
0.059960404863259535	nan
0.06621933569970918	nan
0.07242347670265983	nan
0.07875664865198984	nan
0.08501700036558547	nan
0.09129671276637623	nan
0.0976905287622585	nan
0.10399884708642375	nan
0.11209656372153647	nan
0.11842651948619402	nan
0.12476361528273053	nan
0.13110682206367089	nan
0.13745530120655888	nan
0.14380834805770504	nan
0.15016538288012884	nan
0.15652590496749513	nan
0.15595386783119194	nan
0.14956902146217066	nan
0.14318551231427573	nan
0.13680354452791563	nan
0.1304233443722811	nan
0.12404519202303957	nan
0.11767837728146933	nan
0.1113058828641255	nan
0.10314611072304808	nan
0.09678222652861215	nan
0.09032413699522486	nan
0.08397172329509445	nan
0.07762711941634133	nan
0.07119353860910874	nan
0.06487187666852813	nan
0.058567225300627315	nan
0.05042667945096142	nan
0.044190156974745945	nan
0.03791200472557434	nan
0.03181760445357976	nan
0.025780030170239273	nan
0.02003397176820518	nan
0.01499066332072024	nan
0.011365297777117388	nan
0.011365297777117388	nan
0.01499066332072024	nan
0.02003397176820518	nan
0.025780030170239273	nan
0.03181760445357976	nan
0.03791200472557434	nan
0.044190156974745945	nan
0.05042667945096142	nan
0.058567225300627315	nan
0.06487187666852813	nan
0.07119353860910874	nan
0.07762711941634133	nan
0.08397172329509445	nan
0.09032413699522486	nan
0.09678222652861215	nan
0.10314611072304808	nan
0.1113058828641255	nan
0.11767837728146933	nan
0.12404519202303957	nan
0.1304233443722811	nan
0.13680354452791563	nan
0.14318551231427573	nan
0.14956902146217066	nan
0.15595386783119194	nan
0.1556540037861109	nan
0.14925633046637923	nan
0.14285884970781246	nan
0.1364616055839119	nan
0.1300646330113931	nan
0.1236679815763583	nan
0.11727169516284482	nan
0.11087582949827159	nan
0.10268188819874056	nan
0.0962873271962773	nan
0.0897936508373477	nan
0.08340084124225168	nan
0.07700921812125013	nan
0.07051928776195927	nan
0.06413119669290514	nan
0.057745734787790194	nan
0.04947019311886075	nan
0.04309547517106697	nan
0.03663018030366945	nan
0.030278869858893696	nan
0.023854977726793403	nan
0.017487424955567488	nan
0.011365297777117388	nan
0.005798275634178812	nan
0.005798275634178812	nan
0.011365297777117388	nan
0.017487424955567488	nan
0.023854977726793403	nan
0.030278869858893696	nan
0.03663018030366945	nan
0.04309547517106697	nan
0.04947019311886075	nan
0.057745734787790194	nan
0.06413119669290514	nan
0.07051928776195927	nan
0.07700921812125013	nan
0.08340084124225168	nan
0.0897936508373477	nan
0.0962873271962773	nan
0.10268188819874056	nan
0.11087582949827159	nan
0.11727169516284482	nan
0.1236679815763583	nan
0.1300646330113931	nan
0.1364616055839119	nan
0.14285884970781246	nan
0.14925633046637923	nan
0.1556540037861109	nan
0.1556540037861109	nan
0.14925633046637923	nan
0.14285884970781246	nan
0.1364616055839119	nan
0.1300646330113931	nan
0.1236679815763583	nan
0.11727169516284482	nan
0.11087582949827159	nan
0.10268188819874056	nan
0.0962873271962773	nan
0.0897936508373477	nan
0.08340084124225168	nan
0.07700921812125013	nan
0.07051928776195927	nan
0.06413119669290514	nan
0.057745734787790194	nan
0.04947019311886075	nan
0.04309547517106697	nan
0.03663018030366945	nan
0.030278869858893696	nan
0.023854977726793403	nan
0.017487424955567488	nan
0.011365297777117388	nan
0.005798275634178812	nan
0.005798275634178812	nan
0.011365297777117388	nan
0.017487424955567488	nan
0.023854977726793403	nan
0.030278869858893696	nan
0.03663018030366945	nan
0.04309547517106697	nan
0.04947019311886075	nan
0.057745734787790194	nan
0.06413119669290514	nan
0.07051928776195927	nan
0.07700921812125013	nan
0.08340084124225168	nan
0.0897936508373477	nan
0.0962873271962773	nan
0.10268188819874056	nan
0.11087582949827159	nan
0.11727169516284482	nan
0.1236679815763583	nan
0.1300646330113931	nan
0.1364616055839119	nan
0.14285884970781246	nan
0.14925633046637923	nan
0.1556540037861109	nan
0.15595386783119194	nan
0.14956902146217066	nan
0.14318551231427573	nan
0.13680354452791563	nan
0.1304233443722811	nan
0.12404519202303957	nan
0.11767837728146933	nan
0.1113058828641255	nan
0.10314611072304808	nan
0.09678222652861215	nan
0.09032413699522486	nan
0.08397172329509445	nan
0.07762711941634133	nan
0.07119353860910874	nan
0.06487187666852813	nan
0.058567225300627315	nan
0.05042667945096142	nan
0.044190156974745945	nan
0.03791200472557434	nan
0.03181760445357976	nan
0.025780030170239273	nan
0.02003397176820518	nan
0.01499066332072024	nan
0.011365297777117388	nan
0.011365297777117388	nan
0.01499066332072024	nan
0.02003397176820518	nan
0.025780030170239273	nan
0.03181760445357976	nan
0.03791200472557434	nan
0.044190156974745945	nan
0.05042667945096142	nan
0.058567225300627315	nan
0.06487187666852813	nan
0.07119353860910874	nan
0.07762711941634133	nan
0.08397172329509445	nan
0.09032413699522486	nan
0.09678222652861215	nan
0.10314611072304808	nan
0.1113058828641255	nan
0.11767837728146933	nan
0.12404519202303957	nan
0.1304233443722811	nan
0.13680354452791563	nan
0.14318551231427573	nan
0.14956902146217066	nan
0.15595386783119194	nan
0.15652590496749513	nan
0.15016538288012884	nan
0.14380834805770504	nan
0.13745530120655888	nan
0.13110682206367089	nan
0.12476361528273053	nan
0.11842651948619402	nan
0.11209656372153647	nan
0.10399884708642375	nan
0.0976905287622585	nan
0.09129671276637623	nan
0.08501700036558547	nan
0.07875664865198984	nan
0.07242347670265983	nan
0.06621933569970918	nan
0.059960404863259535	nan
0.0521487299793971	nan
0.0461455307854048	nan
0.04017412276983812	nan
0.03439491243586824	nan
0.02900430991408867	nan
0.02404163186689492	nan
0.02003397176820518	nan
0.017487424955567488	nan
0.017487424955567488	nan
0.02003397176820518	nan
0.02404163186689492	nan
0.02900430991408867	nan
0.03439491243586824	nan
0.04017412276983812	nan
0.0461455307854048	nan
0.0521487299793971	nan
0.059960404863259535	nan
0.06621933569970918	nan
0.07242347670265983	nan
0.07875664865198984	nan
0.08501700036558547	nan
0.09129671276637623	nan
0.0976905287622585	nan
0.10399884708642375	nan
0.11209656372153647	nan
0.11842651948619402	nan
0.12476361528273053	nan
0.13110682206367089	nan
0.13745530120655888	nan
0.14380834805770504	nan
0.15016538288012884	nan
0.15652590496749513	nan
0.1573496706853037	nan
0.15102384631049462	nan
0.14470452968019432	nan
0.1383926290257759	nan
0.13208920747175093	nan
0.12579554696926834	nan
0.11951318109938375	nan
0.1132646879170454	nan
0.10525687685882834	nan
0.0990287298748139	nan
0.09272723274591671	nan
0.08655137365710129	nan
0.08041056919125854	nan
0.0742186628043777	nan
0.06817807823105594	nan
0.062116826079052063	nan
0.05461446666619821	nan
0.048914823338492674	nan
0.043326782376438146	nan
0.03802972432506248	nan
0.033234017577802824	nan
0.02900430991408867	nan
0.025780030170239273	nan
0.023854977726793403	nan
0.023854977726793403	nan
0.025780030170239273	nan
0.02900430991408867	nan
0.033234017577802824	nan
0.03802972432506248	nan
0.043326782376438146	nan
0.048914823338492674	nan
0.05461446666619821	nan
0.062116826079052063	nan
0.06817807823105594	nan
0.0742186628043777	nan
0.08041056919125854	nan
0.08655137365710129	nan
0.09272723274591671	nan
0.0990287298748139	nan
0.10525687685882834	nan
0.1132646879170454	nan
0.11951318109938375	nan
0.12579554696926834	nan
0.13208920747175093	nan
0.1383926290257759	nan
0.14470452968019432	nan
0.15102384631049462	nan
0.1573496706853037	nan
0.15842789803177232	nan
0.15214690980893442	nan
0.14587625207674607	nan
0.1396387115682237	nan
0.1333941855190203	nan
0.12716512744091807	nan
0.1209539187304886	nan
0.1147634503525588	nan
0.1068680033216355	nan
0.10073951234990867	nan
0.09455210045574848	nan
0.08850367387747081	nan
0.08250830046450308	nan
0.07648640347374465	nan
0.07064000537343217	nan
0.06480941359103431	nan
0.057658477062022866	nan
0.052291681461916	nan
0.04710594526143991	nan
0.042284984806888484	nan
0.03802972432506248	nan
0.03439491243586824	nan
0.03181760445357976	nan
0.030278869858893696	nan
0.030278869858893696	nan
0.03181760445357976	nan
0.03439491243586824	nan
0.03802972432506248	nan
0.042284984806888484	nan
0.04710594526143991	nan
0.052291681461916	nan
0.057658477062022866	nan
0.06480941359103431	nan
0.07064000537343217	nan
0.07648640347374465	nan
0.08250830046450308	nan
0.08850367387747081	nan
0.09455210045574848	nan
0.10073951234990867	nan
0.1068680033216355	nan
0.1147634503525588	nan
0.1209539187304886	nan
0.12716512744091807	nan
0.1333941855190203	nan
0.1396387115682237	nan
0.14587625207674607	nan
0.15214690980893442	nan
0.15842789803177232	nan
0.15977812391000712	nan
0.15355237598241184	nan
0.1473415451439081	nan
0.14114761699757492	nan
0.13497291856496002	nan
0.12882022221967115	nan
0.12269282974942816	nan
0.11659472351905448	nan
0.10886560647333977	nan
0.10285620782117326	nan
0.09680418296462676	nan
0.09090572274980652	nan
0.08507978481634577	nan
0.0792535176203772	nan
0.07362717228043943	nan
0.06805299573765086	nan
0.0612817274231626	nan
0.05626162181247063	nan
0.051477375786152454	nan
0.04710594526143991	nan
0.043326782376438146	nan
0.04017412276983812	nan
0.03791200472557434	nan
0.03663018030366945	nan
0.03663018030366945	nan
0.03791200472557434	nan
0.04017412276983812	nan
0.043326782376438146	nan
0.04710594526143991	nan
0.051477375786152454	nan
0.05626162181247063	nan
0.0612817274231626	nan
0.06805299573765086	nan
0.07362717228043943	nan
0.0792535176203772	nan
0.08507978481634577	nan
0.09090572274980652	nan
0.09680418296462676	nan
0.10285620782117326	nan
0.10886560647333977	nan
0.11659472351905448	nan
0.12269282974942816	nan
0.12882022221967115	nan
0.13497291856496002	nan
0.14114761699757492	nan
0.1473415451439081	nan
0.15355237598241184	nan
0.15977812391000712	nan
0.16135256088343963	nan
0.15518998741312687	nan
0.1490474117481978	nan
0.14292742846471632	nan
0.1368330689905983	nan
0.1308006109354643	nan
0.12477051190200114	nan
0.1187791215696176	nan
0.11116924178017436	nan
0.10529140293738691	nan
0.09938777532785266	nan
0.09365217815852163	nan
0.08792087757971886	nan
0.08238932030532978	nan
0.07699247069151822	nan
0.07168047345016292	nan
0.06535212304973355	nan
0.06066976149706036	nan
0.05626162181247063	nan
0.052291681461916	nan
0.048914823338492674	nan
0.0461455307854048	nan
0.044190156974745945	nan
0.04309547517106697	nan
0.04309547517106697	nan
0.044190156974745945	nan
0.0461455307854048	nan
0.048914823338492674	nan
0.052291681461916	nan
0.05626162181247063	nan
0.06066976149706036	nan
0.06535212304973355	nan
0.07168047345016292	nan
0.07699247069151822	nan
0.08238932030532978	nan
0.08792087757971886	nan
0.09365217815852163	nan
0.09938777532785266	nan
0.10529140293738691	nan
0.11116924178017436	nan
0.1187791215696176	nan
0.12477051190200114	nan
0.1308006109354643	nan
0.1368330689905983	nan
0.14292742846471632	nan
0.1490474117481978	nan
0.15518998741312687	nan
0.16135256088343963	nan
0.16316301337885553	nan
0.15707148762430106	nan
0.1510380110440539	nan
0.14500206770540736	nan
0.13899869999641282	nan
0.13303232504724144	nan
0.12710814421850242	nan
0.12123233647519212	nan
0.11378664246897816	nan
0.108096851875947	nan
0.10235516468447978	nan
0.09679555943741806	nan
0.09126187904790899	nan
0.08594562207199087	nan
0.0807866969008608	nan
0.07574127096244669	nan
0.06972072872614603	nan
0.06535212304973355	nan
0.0612817274231626	nan
0.057658477062022866	nan
0.05461446666619821	nan
0.0521487299793971	nan
0.05042667945096142	nan
0.04947019311886075	nan
0.04947019311886075	nan
0.05042667945096142	nan
0.0521487299793971	nan
0.05461446666619821	nan
0.057658477062022866	nan
0.0612817274231626	nan
0.06535212304973355	nan
0.06972072872614603	nan
0.07574127096244669	nan
0.0807866969008608	nan
0.08594562207199087	nan
0.09126187904790899	nan
0.09679555943741806	nan
0.10235516468447978	nan
0.108096851875947	nan
0.11378664246897816	nan
0.12123233647519212	nan
0.12710814421850242	nan
0.13303232504724144	nan
0.13899869999641282	nan
0.14500206770540736	nan
0.1510380110440539	nan
0.15707148762430106	nan
0.16316301337885553	nan
0.16572126757665165	nan
0.15973134268623554	nan
0.15377444720879768	nan
0.1479855389008997	nan
0.14210826395969703	nan
0.13627809652479395	nan
0.13050134256634205	nan
0.1247854137797377	nan
0.11747769891401191	nan
0.11193735038471503	nan
0.1065473596598663	nan
0.10121828115367629	nan
0.09594003689939408	nan
0.09089780011773338	nan
0.08603633249420549	nan
0.08131728131159266	nan
0.07574127096244669	nan
0.07168047345016292	nan
0.06805299573765086	nan
0.06480941359103431	nan
0.062116826079052063	nan
0.059960404863259535	nan
0.058567225300627315	nan
0.057745734787790194	nan
0.057745734787790194	nan
0.058567225300627315	nan
0.059960404863259535	nan
0.062116826079052063	nan
0.06480941359103431	nan
0.06805299573765086	nan
0.07168047345016292	nan
0.07574127096244669	nan
0.08131728131159266	nan
0.08603633249420549	nan
0.09089780011773338	nan
0.09594003689939408	nan
0.10121828115367629	nan
0.1065473596598663	nan
0.11193735038471503	nan
0.11747769891401191	nan
0.1247854137797377	nan
0.13050134256634205	nan
0.13627809652479395	nan
0.14210826395969703	nan
0.1479855389008997	nan
0.15377444720879768	nan
0.15973134268623554	nan
0.16572126757665165	nan
0.16804147734722494	nan
0.16213729187997852	nan
0.15631292464728255	nan
0.15049295429673834	nan
0.1447219688826916	nan
0.13900607614434735	nan
0.13344017551730827	nan
0.12790562825348906	nan
0.12078683698512277	nan
0.11540546199331231	nan
0.11013310084933349	nan
0.10498619191067565	nan
0.0999072106129365	nan
0.09507560211980762	nan
0.09050967229085663	nan
0.08603633249420549	nan
0.0807866969008608	nan
0.07699247069151822	nan
0.07362717228043943	nan
0.07064000537343217	nan
0.06817807823105594	nan
0.06621933569970918	nan
0.06487187666852813	nan
0.06413119669290514	nan
0.06413119669290514	nan
0.06487187666852813	nan
0.06621933569970918	nan
0.06817807823105594	nan
0.07064000537343217	nan
0.07362717228043943	nan
0.07699247069151822	nan
0.0807866969008608	nan
0.08603633249420549	nan
0.09050967229085663	nan
0.09507560211980762	nan
0.0999072106129365	nan
0.10498619191067565	nan
0.11013310084933349	nan
0.11540546199331231	nan
0.12078683698512277	nan
0.12790562825348906	nan
0.13344017551730827	nan
0.13900607614434735	nan
0.1447219688826916	nan
0.15049295429673834	nan
0.15631292464728255	nan
0.16213729187997852	nan
0.16804147734722494	nan
0.1705703920610186	nan
0.16479943020243842	nan
0.1590324840184296	nan
0.15331578475240312	nan
0.1476551686821961	nan
0.14210678716205616	nan
0.13658147677376256	nan
0.13113572701875634	nan
0.12429134935737622	nan
0.11906846851327423	nan
0.11396569413159464	nan
0.10892350410288332	nan
0.10418445424626369	nan
0.09956063425158623	nan
0.09507560211980762	nan
0.09089780011773338	nan
0.08594562207199087	nan
0.08238932030532978	nan
0.0792535176203772	nan
0.07648640347374465	nan
0.0742186628043777	nan
0.07242347670265983	nan
0.07119353860910874	nan
0.07051928776195927	nan
0.07051928776195927	nan
0.07119353860910874	nan
0.07242347670265983	nan
0.0742186628043777	nan
0.07648640347374465	nan
0.0792535176203772	nan
0.08238932030532978	nan
0.08594562207199087	nan
0.09089780011773338	nan
0.09507560211980762	nan
0.09956063425158623	nan
0.10418445424626369	nan
0.10892350410288332	nan
0.11396569413159464	nan
0.11906846851327423	nan
0.12429134935737622	nan
0.13113572701875634	nan
0.13658147677376256	nan
0.14210678716205616	nan
0.1476551686821961	nan
0.15331578475240312	nan
0.1590324840184296	nan
0.16479943020243842	nan
0.1705703920610186	nan
0.17334303680540042	nan
0.16762568931417957	nan
0.16195941002633202	nan
0.15634976615668691	nan
0.15085389826350834	nan
0.14537929546211958	nan
0.1399832146696245	nan
0.13467508861061914	nan
0.12802007700598247	nan
0.12301809235245723	nan
0.11808611387812415	nan
0.11322756112357078	nan
0.10861160674902796	nan
0.10418445424626369	nan
0.0999072106129365	nan
0.09594003689939408	nan
0.09126187904790899	nan
0.08792087757971886	nan
0.08507978481634577	nan
0.08250830046450308	nan
0.08041056919125854	nan
0.07875664865198984	nan
0.07762711941634133	nan
0.07700921812125013	nan
0.07700921812125013	nan
0.07762711941634133	nan
0.07875664865198984	nan
0.08041056919125854	nan
0.08250830046450308	nan
0.08507978481634577	nan
0.08792087757971886	nan
0.09126187904790899	nan
0.09594003689939408	nan
0.0999072106129365	nan
0.10418445424626369	nan
0.10861160674902796	nan
0.11322756112357078	nan
0.11808611387812415	nan
0.12301809235245723	nan
0.12802007700598247	nan
0.13467508861061914	nan
0.1399832146696245	nan
0.14537929546211958	nan
0.15085389826350834	nan
0.15634976615668691	nan
0.16195941002633202	nan
0.16762568931417957	nan
0.17334303680540042	nan
0.17626470958288404	nan
0.17064527873185914	nan
0.16508267604899549	nan
0.15958285876832362	nan
0.15420641386693415	nan
0.14885516116502484	nan
0.14358976232881449	nan
0.1384200092063332	nan
0.13201700592880042	nan
0.12711196058366875	nan
0.12227182613005931	nan
0.11766256870975755	nan
0.11322756112357078	nan
0.10892350410288332	nan
0.10498619191067565	nan
0.10121828115367629	nan
0.09679555943741806	nan
0.09365217815852163	nan
0.09090572274980652	nan
0.08850367387747081	nan
0.08655137365710129	nan
0.08501700036558547	nan
0.08397172329509445	nan
0.08340084124225168	nan
0.08340084124225168	nan
0.08397172329509445	nan
0.08501700036558547	nan
0.08655137365710129	nan
0.08850367387747081	nan
0.09090572274980652	nan
0.09365217815852163	nan
0.09679555943741806	nan
0.10121828115367629	nan
0.10498619191067565	nan
0.10892350410288332	nan
0.11322756112357078	nan
0.11766256870975755	nan
0.12227182613005931	nan
0.12711196058366875	nan
0.13201700592880042	nan
0.1384200092063332	nan
0.14358976232881449	nan
0.14885516116502484	nan
0.15420641386693415	nan
0.15958285876832362	nan
0.16508267604899549	nan
0.17064527873185914	nan
0.17626470958288404	nan
0.17928055666823547	nan
0.1737623702874155	nan
0.16830662532532087	nan
0.16297450516944254	nan
0.1577474525314812	nan
0.15252048946924232	nan
0.14738609346921835	nan
0.1423394530487708	nan
0.13614113722239124	nan
0.13139014389681286	nan
0.12671353067048716	nan
0.12227182613005931	nan
0.11808611387812415	nan
0.11396569413159464	nan
0.11013310084933349	nan
0.1065473596598663	nan
0.10235516468447978	nan
0.09938777532785266	nan
0.09680418296462676	nan
0.09455210045574848	nan
0.09272723274591671	nan
0.09129671276637623	nan
0.09032413699522486	nan
0.0897936508373477	nan
0.0897936508373477	nan
0.09032413699522486	nan
0.09129671276637623	nan
0.09272723274591671	nan
0.09455210045574848	nan
0.09680418296462676	nan
0.09938777532785266	nan
0.10235516468447978	nan
0.1065473596598663	nan
0.11013310084933349	nan
0.11396569413159464	nan
0.11808611387812415	nan
0.12227182613005931	nan
0.12671353067048716	nan
0.13139014389681286	nan
0.13614113722239124	nan
0.1423394530487708	nan
0.14738609346921835	nan
0.15252048946924232	nan
0.1577474525314812	nan
0.16297450516944254	nan
0.16830662532532087	nan
0.1737623702874155	nan
0.17928055666823547	nan
0.18255628544339134	nan
0.17714017241585117	nan
0.17184751906320309	nan
0.16657505429032415	nan
0.16138417390488385	nan
0.15628298213872227	nan
0.1513439785831355	nan
0.14645258832451638	nan
0.1404359283692496	nan
0.13590592691810718	nan
0.13139014389681286	nan
0.12711196058366875	nan
0.12301809235245723	nan
0.11906846851327423	nan
0.11540546199331231	nan
0.11193735038471503	nan
0.108096851875947	nan
0.10529140293738691	nan
0.10285620782117326	nan
0.10073951234990867	nan
0.0990287298748139	nan
0.0976905287622585	nan
0.09678222652861215	nan
0.0962873271962773	nan
0.0962873271962773	nan
0.09678222652861215	nan
0.0976905287622585	nan
0.0990287298748139	nan
0.10073951234990867	nan
0.10285620782117326	nan
0.10529140293738691	nan
0.108096851875947	nan
0.11193735038471503	nan
0.11540546199331231	nan
0.11906846851327423	nan
0.12301809235245723	nan
0.12711196058366875	nan
0.13139014389681286	nan
0.13590592691810718	nan
0.1404359283692496	nan
0.14645258832451638	nan
0.1513439785831355	nan
0.15628298213872227	nan
0.16138417390488385	nan
0.16657505429032415	nan
0.17184751906320309	nan
0.17714017241585117	nan
0.18255628544339134	nan
0.1859946185937076	nan
0.18073818584096735	nan
0.17549943196939724	nan
0.17034004087479718	nan
0.165267457172805	nan
0.16028989774647473	nan
0.15548234357434332	nan
0.15072531286067326	nan
0.1449568888788368	nan
0.1404359283692496	nan
0.13614113722239124	nan
0.13201700592880042	nan
0.12802007700598247	nan
0.12429134935737622	nan
0.12078683698512277	nan
0.11747769891401191	nan
0.11378664246897816	nan
0.11116924178017436	nan
0.10886560647333977	nan
0.1068680033216355	nan
0.10525687685882834	nan
0.10399884708642375	nan
0.10314611072304808	nan
0.10268188819874056	nan
0.10268188819874056	nan
0.10314611072304808	nan
0.10399884708642375	nan
0.10525687685882834	nan
0.1068680033216355	nan
0.10886560647333977	nan
0.11116924178017436	nan
0.11378664246897816	nan
0.11747769891401191	nan
0.12078683698512277	nan
0.12429134935737622	nan
0.12802007700598247	nan
0.13201700592880042	nan
0.13614113722239124	nan
0.1404359283692496	nan
0.1449568888788368	nan
0.15072531286067326	nan
0.15548234357434332	nan
0.16028989774647473	nan
0.165267457172805	nan
0.17034004087479718	nan
0.17549943196939724	nan
0.18073818584096735	nan
0.1859946185937076	nan
0.15072531286067326	nan
0.14645258832451638	nan
0.1423394530487708	nan
0.1384200092063332	nan
0.13467508861061914	nan
0.13113572701875634	nan
0.12790562825348906	nan
0.1247854137797377	nan
0.12123233647519212	nan
0.1187791215696176	nan
0.11659472351905448	nan
0.1147634503525588	nan
0.1132646879170454	nan
0.11209656372153647	nan
0.1113058828641255	nan
0.11087582949827159	nan
0.11087582949827159	nan
0.1113058828641255	nan
0.11209656372153647	nan
0.1132646879170454	nan
0.1147634503525588	nan
0.11659472351905448	nan
0.1187791215696176	nan
0.12123233647519212	nan
0.1247854137797377	nan
0.12790562825348906	nan
0.13113572701875634	nan
0.13467508861061914	nan
0.1384200092063332	nan
0.1423394530487708	nan
0.14645258832451638	nan
0.15072531286067326	nan
0.15548234357434332	nan
0.1513439785831355	nan
0.14738609346921835	nan
0.14358976232881449	nan
0.1399832146696245	nan
0.13658147677376256	nan
0.13344017551730827	nan
0.13050134256634205	nan
0.12710814421850242	nan
0.12477051190200114	nan
0.12269282974942816	nan
0.1209539187304886	nan
0.11951318109938375	nan
0.11842651948619402	nan
0.11767837728146933	nan
0.11727169516284482	nan
0.11727169516284482	nan
0.11767837728146933	nan
0.11842651948619402	nan
0.11951318109938375	nan
0.1209539187304886	nan
0.12269282974942816	nan
0.12477051190200114	nan
0.12710814421850242	nan
0.13050134256634205	nan
0.13344017551730827	nan
0.13658147677376256	nan
0.1399832146696245	nan
0.14358976232881449	nan
0.14738609346921835	nan
0.1513439785831355	nan
0.15548234357434332	nan
0.16028989774647473	nan
0.15628298213872227	nan
0.15252048946924232	nan
0.14885516116502484	nan
0.14537929546211958	nan
0.14210678716205616	nan
0.13900607614434735	nan
0.13627809652479395	nan
0.13303232504724144	nan
0.1308006109354643	nan
0.12882022221967115	nan
0.12716512744091807	nan
0.12579554696926834	nan
0.12476361528273053	nan
0.12404519202303957	nan
0.1236679815763583	nan
0.1236679815763583	nan
0.12404519202303957	nan
0.12476361528273053	nan
0.12579554696926834	nan
0.12716512744091807	nan
0.12882022221967115	nan
0.1308006109354643	nan
0.13303232504724144	nan
0.13627809652479395	nan
0.13900607614434735	nan
0.14210678716205616	nan
0.14537929546211958	nan
0.14885516116502484	nan
0.15252048946924232	nan
0.15628298213872227	nan
0.16028989774647473	nan
0.165267457172805	nan
0.16138417390488385	nan
0.1577474525314812	nan
0.15420641386693415	nan
0.15085389826350834	nan
0.1476551686821961	nan
0.1447219688826916	nan
0.14210826395969703	nan
0.13899869999641282	nan
0.1368330689905983	nan
0.13497291856496002	nan
0.1333941855190203	nan
0.13208920747175093	nan
0.13110682206367089	nan
0.1304233443722811	nan
0.1300646330113931	nan
0.1300646330113931	nan
0.1304233443722811	nan
0.13110682206367089	nan
0.13208920747175093	nan
0.1333941855190203	nan
0.13497291856496002	nan
0.1368330689905983	nan
0.13899869999641282	nan
0.14210826395969703	nan
0.1447219688826916	nan
0.1476551686821961	nan
0.15085389826350834	nan
0.15420641386693415	nan
0.1577474525314812	nan
0.16138417390488385	nan
0.165267457172805	nan
0.17034004087479718	nan
0.16657505429032415	nan
0.16297450516944254	nan
0.15958285876832362	nan
0.15634976615668691	nan
0.15331578475240312	nan
0.15049295429673834	nan
0.1479855389008997	nan
0.14500206770540736	nan
0.14292742846471632	nan
0.14114761699757492	nan
0.1396387115682237	nan
0.1383926290257759	nan
0.13745530120655888	nan
0.13680354452791563	nan
0.1364616055839119	nan
0.1364616055839119	nan
0.13680354452791563	nan
0.13745530120655888	nan
0.1383926290257759	nan
0.1396387115682237	nan
0.14114761699757492	nan
0.14292742846471632	nan
0.14500206770540736	nan
0.1479855389008997	nan
0.15049295429673834	nan
0.15331578475240312	nan
0.15634976615668691	nan
0.15958285876832362	nan
0.16297450516944254	nan
0.16657505429032415	nan
0.17034004087479718	nan
0.17549943196939724	nan
0.17184751906320309	nan
0.16830662532532087	nan
0.16508267604899549	nan
0.16195941002633202	nan
0.1590324840184296	nan
0.15631292464728255	nan
0.15377444720879768	nan
0.1510380110440539	nan
0.1490474117481978	nan
0.1473415451439081	nan
0.14587625207674607	nan
0.14470452968019432	nan
0.14380834805770504	nan
0.14318551231427573	nan
0.14285884970781246	nan
0.14285884970781246	nan
0.14318551231427573	nan
0.14380834805770504	nan
0.14470452968019432	nan
0.14587625207674607	nan
0.1473415451439081	nan
0.1490474117481978	nan
0.1510380110440539	nan
0.15377444720879768	nan
0.15631292464728255	nan
0.1590324840184296	nan
0.16195941002633202	nan
0.16508267604899549	nan
0.16830662532532087	nan
0.17184751906320309	nan
0.17549943196939724	nan
0.18073818584096735	nan
0.17714017241585117	nan
0.1737623702874155	nan
0.17064527873185914	nan
0.16762568931417957	nan
0.16479943020243842	nan
0.16213729187997852	nan
0.15973134268623554	nan
0.15707148762430106	nan
0.15518998741312687	nan
0.15355237598241184	nan
0.15214690980893442	nan
0.15102384631049462	nan
0.15016538288012884	nan
0.14956902146217066	nan
0.14925633046637923	nan
0.14925633046637923	nan
0.14956902146217066	nan
0.15016538288012884	nan
0.15102384631049462	nan
0.15214690980893442	nan
0.15355237598241184	nan
0.15518998741312687	nan
0.15707148762430106	nan
0.15973134268623554	nan
0.16213729187997852	nan
0.16479943020243842	nan
0.16762568931417957	nan
0.17064527873185914	nan
0.1737623702874155	nan
0.17714017241585117	nan
0.18073818584096735	nan
0.1859946185937076	nan
0.18255628544339134	nan
0.17928055666823547	nan
0.17626470958288404	nan
0.17334303680540042	nan
0.1705703920610186	nan
0.16804147734722494	nan
0.16572126757665165	nan
0.16316301337885553	nan
0.16135256088343963	nan
0.15977812391000712	nan
0.15842789803177232	nan
0.1573496706853037	nan
0.15652590496749513	nan
0.15595386783119194	nan
0.1556540037861109	nan
0.1556540037861109	nan
0.15595386783119194	nan
0.15652590496749513	nan
0.1573496706853037	nan
0.15842789803177232	nan
0.15977812391000712	nan
0.16135256088343963	nan
0.16316301337885553	nan
0.16572126757665165	nan
0.16804147734722494	nan
0.1705703920610186	nan
0.17334303680540042	nan
0.17626470958288404	nan
0.17928055666823547	nan
0.18255628544339134	nan
0.1859946185937076	nan
